# eBE(cm-1)  int. (rel. X0)  beta
31314.811     -0.00000      -0.24493
31327.081      0.00000      -0.24245
31339.339     -0.00000      -0.24596
31351.585      0.00000      -0.23701
31363.819      0.00000       0.07357
31376.041      0.00000      -0.24147
31388.251      0.00000      -0.14667
31400.449      0.00000      -0.23125
31412.635      0.00000      -0.16673
31424.809      0.00000      -0.08712
31436.971      0.00000      -0.26005
31449.121      0.00000      -0.01724
31461.259     -0.00000      -1.51742
31473.385      0.00000       0.11958
31485.499     -0.00000      -0.24139
31497.601      0.00000       0.27451
31509.691     -0.00000      -0.26857
31521.769      0.00000       2.66345
31533.835     -0.00000      -0.30832
31545.889     -0.00000      -3.75202
31557.931     -0.00000      -0.30294
31569.961     -0.00000      -1.17269
31581.979     -0.00000      -0.37265
31593.985     -0.00000      -4.49531
31605.979     -0.00000      -0.32110
31617.961      0.00000      -0.12232
31629.931     -0.00000      -0.19109
31641.889      0.00000      -0.09733
31653.835     -0.00000      -0.12851
31665.769      0.00000      -0.14898
31677.691     -0.00000      -0.08685
31689.601     -0.00000      -0.41646
31701.499      0.00009      -0.33276
31713.385     -0.00000      78.68766
31725.259      0.00004      -1.39610
31737.121     -0.00007      -1.18863
31748.971      0.00000      -2.73837
31760.809     -0.00001      -1.05500
31772.635     -0.00000      -1.13323
31784.449     -0.00000       0.12221
31796.251      0.00002       7.36941
31808.041     -0.00001       5.31399
31819.819     -0.00001       4.27239
31831.585     -0.00000       2.56448
31843.339     -0.00000       2.45181
31855.081     -0.00000       1.80353
31866.811     -0.00000       1.63170
31878.529     -0.00000       1.37005
31890.235     -0.00000       1.23004
31901.929     -0.00000       1.09416
31913.611     -0.00000       0.99526
31925.281     -0.00000       0.90979
31936.939     -0.00000       0.83982
31948.585     -0.00000       0.78009
31960.219     -0.00000       0.72879
31971.841     -0.00000       0.68437
31983.451     -0.00000       0.64543
31995.049     -0.00000       0.61090
32006.635     -0.00000       0.58035
32018.209     -0.00000       0.55276
32029.771     -0.00000       0.52811
32041.321     -0.00000       0.50521
32052.859     -0.00000       0.48555
32064.385     -0.00000       0.46553
32075.899     -0.00000       0.44554
32087.401     -0.00000       0.47019
32098.891     -0.00000       0.17587
32110.369     -0.00000       1.17786
32121.835     -0.00000      -8.31038
32133.289      0.00001       3.79746
32144.731      0.00004       3.67321
32156.161     -0.00003       3.62603
32167.579      0.00000       3.94549
32178.985     -0.00000       3.45647
32190.379     -0.00000       2.83831
32201.761     -0.00000       3.07317
32213.131     -0.00000       2.79822
32224.489     -0.00000       2.72538
32235.835     -0.00000       2.56429
32247.169     -0.00000       2.44375
32258.491     -0.00000       2.30880
32269.801     -0.00000       2.17754
32281.099     -0.00000       2.03828
32292.385     -0.00000       1.89246
32303.659     -0.00000       1.72645
32314.921     -0.00000       1.55742
32326.171     -0.00000       1.34140
32337.409     -0.00000       1.14213
32348.635     -0.00000       0.96923
32359.849     -0.00000      -3.77203
32371.051     -0.00000       0.94077
32382.241      0.00001       1.33641
32393.419     -0.00003       1.06262
32404.585      0.00007       1.20439
32415.739     -0.00020       0.93618
32426.881      0.00535       0.99010
32438.011      0.12617       0.86067
32449.129      0.22321       0.40184
32460.235      0.15507      -0.87033
32471.329      0.13122      -1.13673
32482.411      0.03723      -0.42473
32493.481      0.11113      -0.69534
32504.539      0.08393      -0.77252
32515.585      0.04579      -0.64522
32526.619      0.04073      -1.44098
32537.641      0.05569      -1.32113
32548.651      0.05226      -1.29083
32559.649      0.05170      -1.22637
32570.635      0.03529      -0.84969
32581.609      0.02325      -0.82967
32592.571      0.03536      -0.96996
32603.521      0.02733      -0.39773
32614.459      0.02429      -0.66593
32625.385      0.03103      -1.08067
32636.299      0.02523      -0.54024
32647.201      0.02959      -0.31715
32658.091      0.02523      -0.82149
32668.969      0.02298      -0.15320
32679.835      0.02884      -0.96032
32690.689      0.01865      -0.30841
32701.531      0.02364      -0.09991
32712.361      0.02505      -0.25191
32723.179      0.02056      -0.77948
32733.985      0.01644       0.00417
32744.779      0.02351      -0.44717
32755.561      0.02134      -0.24270
32766.331      0.02236      -0.48450
32777.089      0.02971      -0.71906
32787.835      0.01936      -0.64065
32798.569      0.01478       0.05748
32809.291      0.01308       0.05992
32820.001      0.02231      -0.52524
32830.699      0.02132      -0.47141
32841.385      0.02417       0.16405
32852.059      0.01619      -0.41461
32862.721      0.02543      -0.68802
32873.371      0.01613      -0.15970
32884.009      0.01699       0.41250
32894.635      0.02280      -0.30655
32905.249      0.01475       0.43055
32915.851      0.02337      -0.88683
32926.441      0.01612      -0.18125
32937.019      0.01905       0.25990
32947.585      0.01881      -0.53785
32958.139      0.02152      -0.93736
32968.681      0.01408       1.19233
32979.211      0.01847      -0.39443
32989.729      0.01902      -0.59504
33000.235      0.01215      -0.52253
33010.729      0.02478       0.17059
33021.211      0.01287       0.23909
33031.681      0.02706      -0.61436
33042.139      0.01595       0.22578
33052.585      0.03469      -0.13336
33063.019      0.01549       0.05750
33073.441      0.03352      -0.64668
33083.851      0.03108      -0.25268
33094.249      0.05283      -0.91126
33104.635      0.16695      -1.24468
33115.009      0.21429      -1.18223
33125.371      0.05335       0.60204
33135.721      0.07052       0.03319
33146.059      0.04534      -0.46872
33156.385      0.01283      -1.58201
33166.699      0.01444       1.91903
33177.001      0.02303      -0.95482
33187.291      0.03044      -1.33637
33197.569      0.02314      -1.11190
33207.835      0.03152      -0.71989
33218.089      0.02512      -1.07698
33228.331      0.02659      -1.09408
33238.561      0.02885      -0.83612
33248.779      0.01177       0.10537
33258.985      0.03090      -0.80803
33269.179      0.01984      -1.04429
33279.361      0.02874      -1.18388
33289.531      0.02741      -1.03253
33299.689      0.02698      -0.57601
33309.835      0.01607      -0.61586
33319.969      0.01588      -0.80427
33330.091      0.03128      -0.58847
33340.201      0.01624      -1.39230
33350.299      0.02156      -0.44607
33360.385      0.01474      -0.48242
33370.459      0.01603      -1.21289
33380.521      0.02125      -0.77365
33390.571      0.02135      -0.93762
33400.609      0.02257      -0.85559
33410.635      0.01626      -0.96151
33420.649      0.00885      -0.46540
33430.651      0.01923      -0.71722
33440.641      0.02246      -0.93169
33450.619      0.02003      -0.46305
33460.585      0.02156      -1.12775
33470.539      0.01889      -0.34615
33480.481      0.01852      -1.34392
33490.411      0.02671      -0.58122
33500.329      0.01586      -1.36706
33510.235      0.01542      -1.87506
33520.129      0.01518      -0.27408
33530.011      0.02689      -0.66684
33539.881      0.01662      -0.33042
33549.739      0.01457      -1.29059
33559.585      0.02072      -1.11863
33569.419      0.01363      -0.05680
33579.241      0.03038      -0.72389
33589.051      0.01968      -0.70973
33598.849      0.01659      -1.93933
33608.635      0.00539       1.65940
33618.409      0.01112      -0.98660
33628.171      0.01598      -0.20582
33637.921      0.01366      -1.01085
33647.659      0.02123      -1.19209
33657.385      0.02279      -0.25604
33667.099      0.02247      -0.55152
33676.801      0.00657      -2.25567
33686.491      0.01738      -0.07316
33696.169      0.02940      -1.67166
33705.835      0.00685       0.41578
33715.489      0.00813      -1.18513
33725.131      0.02184      -0.37898
33734.761      0.01384      -0.95460
33744.379      0.02471      -0.85826
33753.985      0.02784      -0.85609
33763.579      0.00926      -0.57504
33773.161      0.00042      13.45271
33782.731      0.01362      -1.31313
33792.289      0.01433      -1.07088
33801.835      0.01242      -0.29290
33811.369      0.03213      -1.03011
33820.891      0.01097      -0.72798
33830.401      0.02273      -0.78448
33839.899      0.01792      -1.72568
33849.385      0.00586       0.11500
33858.859      0.01418      -0.65284
33868.321      0.02704      -0.41615
33877.771      0.01179      -1.52823
33887.209      0.00273      -0.01237
33896.635      0.00584       0.20732
33906.049      0.00995      -0.94766
33915.451      0.00592       1.54213
33924.841      0.02840      -1.32266
33934.219      0.00318       0.57243
33943.585      0.00809      -1.29969
33952.939      0.00924      -0.41515
33962.281      0.02762      -1.09853
33971.611      0.02152      -1.07222
33980.929      0.01596      -1.09297
33990.235      0.01129      -0.52773
33999.529      0.02136      -0.94374
34008.811      0.01068       0.25649
34018.081      0.02275      -0.61758
34027.339      0.00764       0.46312
34036.585      0.02149       0.44291
34045.819      0.02549       0.79665
34055.041      0.05119       0.17485
34064.251      0.07377       1.19199
34073.449      0.11940       1.18935
34082.635      0.10644       1.06617
34091.809      0.15365       1.41671
34100.971      0.54805       1.48542
34110.121      1.00000       1.37775
34119.259      0.69223       1.78332
34128.385      0.29960       1.57172
34137.499      0.08752       0.61376
34146.601      0.04100       0.09852
34155.691      0.01945       0.37974
34164.769      0.02270      -1.32043
34173.835      0.02719       0.07709
34182.889      0.03421       0.19305
34191.931      0.03962      -0.57667
34200.961      0.05431       0.43001
34209.979      0.06245      -0.41014
34218.985      0.02132      -1.43947
34227.979      0.02259      -0.10753
34236.961      0.01002      -1.15852
34245.931      0.03111      -1.73816
34254.889     -0.00646      -1.13372
34263.835      0.02012       0.23508
34272.769      0.00256      -3.32608
34281.691      0.00868       1.10038
34290.601      0.00978       0.26764
34299.499      0.03133      -0.77568
34308.385      0.04008       0.33547
34317.259      0.03642      -0.41112
34326.121     -0.00476      -7.61715
34334.971      0.03709      -1.04965
34343.809      0.01536      -0.33963
34352.635      0.01421      -0.37691
34361.449      0.00820      -2.14025
34370.251      0.01497      -0.25019
34379.041      0.01023      -2.64559
34387.819      0.02121      -0.65636
34396.585      0.00361      -3.98087
34405.339      0.00867       0.07056
34414.081      0.02036      -0.93531
34422.811      0.01597       0.16409
34431.529      0.01255      -1.38250
34440.235      0.01124       0.42183
34448.929      0.01143      -0.94933
34457.611      0.01708      -1.03461
34466.281      0.00803      -5.67162
34474.939      0.01444       0.42228
34483.585      0.00569       1.75182
34492.219      0.02422      -0.76989
34500.841      0.01146       0.44907
34509.451      0.02316       0.27903
34518.049      0.01025       1.71627
34526.635      0.01587      -3.25973
34535.209      0.00935       2.55382
34543.771      0.03538       0.20112
34552.321      0.00890      -1.77915
34560.859      0.05337      -0.03706
34569.385      0.10991       1.29058
34577.899      0.16921       0.98103
34586.401      0.11775       1.64717
34594.891      0.04203       1.57794
34603.369      0.01498      -2.56915
34611.835      0.03060       0.01077
34620.289      0.01961      -0.47064
34628.731      0.03794      -0.75924
34637.161      0.08141      -0.57789
34645.579      0.04847      -0.37255
34653.985      0.02921      -0.73950
34662.379      0.03573      -0.30985
34670.761      0.02632      -0.72008
34679.131      0.02191      -1.19838
34687.489      0.01108       1.38953
34695.835      0.01853      -1.50835
34704.169      0.00685      -0.77373
34712.491      0.02265      -2.24406
34720.801     -0.00429      -8.26089
34729.099      0.00825      -0.51875
34737.385      0.02954      -0.02243
34745.659      0.02038       1.00544
34753.921      0.03281       1.02149
34762.171      0.03206       0.75312
34770.409      0.01721      -1.06258
34778.635      0.02443      -1.47587
34786.849      0.01379       1.89165
34795.051      0.01570       0.09277
34803.241      0.01169       0.25437
34811.419      0.00308      -6.88364
34819.585      0.01119      -3.70247
34827.739      0.02778      -0.84101
34835.881      0.04034      -0.34316
34844.011      0.03570      -0.10469
34852.129      0.04579      -1.35657
34860.235      0.02957      -0.37778
34868.329      0.01947       0.13350
34876.411      0.00938      -4.08082
34884.481      0.02942      -0.46041
34892.539      0.01586      -0.24216
34900.585      0.03186      -0.73156
34908.619      0.02018      -0.21186
34916.641      0.02260      -1.17682
34924.651     -0.00496      -2.43231
34932.649      0.01844      -2.17130
34940.635      0.01275       0.60992
34948.609      0.00935      -3.29414
34956.571      0.01693       0.33241
34964.521      0.01046      -1.45101
34972.459      0.00389       0.36582
34980.385      0.03481      -0.79881
34988.299      0.01314      -0.34331
34996.201      0.01704      -1.49107
35004.091      0.07963      -0.67753
35011.969      0.18502      -0.71248
35019.835      0.26954      -0.66689
35027.689      0.22886      -0.54074
35035.531      0.17933      -0.43901
35043.361      0.15890      -0.57777
35051.179      0.12642      -0.54918
35058.985      0.09417      -0.96847
35066.779      0.12238      -0.52165
35074.561      0.06985      -1.09019
35082.331      0.05924      -0.42121
35090.089      0.01369      -1.46997
35097.835      0.02922       0.10707
35105.569      0.03439      -0.67709
35113.291      0.06806      -0.51484
35121.001      0.14247      -0.84972
35128.699      0.14180      -0.59932
35136.385      0.18584      -0.65861
35144.059      0.24603      -0.72516
35151.721      0.24102      -0.63778
35159.371      0.16624      -0.72500
35167.009      0.03886       0.60651
35174.635      0.03718      -0.70269
35182.249      0.00938      -0.93016
35189.851      0.02420      -0.09286
35197.441      0.02494      -0.77508
35205.019     -0.03303       0.12537
35212.585      0.03697       0.25048
35220.139      0.01332      -2.11135
35227.681      0.01798       0.31667
35235.211      0.02483      -0.34268
35242.729      0.02352      -2.31775
35250.235      0.02319      -1.34655
35257.729      0.01855      -0.16889
35265.211      0.02223      -1.43811
35272.681      0.03609      -0.46330
35280.139      0.05183       0.11091
35287.585      0.02578      -1.13095
35295.019      0.00736      -0.11835
35302.441      0.00245      -6.80346
35309.851      0.01602      -0.40466
35317.249      0.04294      -1.06177
35324.635     -0.00924      -0.20407
35332.009     -0.00618      -0.53494
35339.371      0.04296      -0.10756
35346.721      0.04057      -0.69689
35354.059      0.04918      -0.69063
35361.385      0.02246      -0.79461
35368.699      0.05478      -0.27016
35376.001      0.04464      -0.38528
35383.291      0.03356      -0.55725
35390.569      0.00389      -0.69865
35397.835      0.02749      -0.82502
35405.089      0.05127      -0.81086
35412.331      0.01251      -0.17889
35419.561      0.03203      -0.99717
35426.779      0.12653      -0.72099
35433.985      0.08415      -0.36239
35441.179      0.06977      -0.82570
35448.361      0.04421      -0.70977
35455.531      0.04266      -0.83719
35462.689      0.02674      -0.78819
35469.835      0.02830      -0.88939
35476.969      0.04714       0.34813
35484.091      0.08642      -0.48059
35491.201      0.06078      -0.66097
35498.299      0.04872       0.00333
35505.385      0.01970      -0.08486
35512.459      0.03578      -0.12656
35519.521      0.05805      -0.53466
35526.571      0.05443      -0.53731
35533.609      0.06864      -0.60593
35540.635      0.06026      -0.69343
35547.649      0.03744      -1.07094
35554.651      0.04877      -1.22242
35561.641      0.04392      -0.43741
35568.619      0.01297      -1.81050
35575.585      0.01856       0.17872
35582.539      0.01565      -2.67644
35589.481      0.03619      -1.13291
35596.411     -0.00157     -19.54254
35603.329      0.01757      -1.19196
35610.235      0.01282       0.50509
35617.129      0.00628       3.56841
35624.011      0.02400      -1.55560
35630.881      0.00036     -70.57933
35637.739      0.01665      -0.53722
35644.585      0.01127       1.48833
35651.419      0.02492      -0.72275
35658.241      0.00425      -3.39747
35665.051      0.03008      -0.41423
35671.849      0.02177      -2.86340
35678.635      0.04284       0.01620
35685.409      0.02616      -0.84750
35692.171      0.01764      -0.28511
35698.921      0.01139       0.10825
35705.659      0.01163      -1.69451
35712.385      0.03720      -1.11343
35719.099      0.00761      -4.07416
35725.801      0.01817       0.12596
35732.491      0.01968      -1.51452
35739.169      0.01666       0.32080
35745.835      0.02356      -2.23286
35752.489      0.01045      -0.51075
35759.131      0.02709      -1.18313
35765.761      0.01354      -0.11379
35772.379      0.00927      -1.45689
35778.985      0.00433      -2.28858
35785.579      0.04159      -1.53184
35792.161      0.00275       9.26715
35798.731      0.00677      -0.43472
35805.289      0.02291      -1.70291
35811.835      0.01806       0.45181
35818.369      0.00891      -3.22827
35824.891      0.00592      -2.12158
35831.401      0.01104      -1.16102
35837.899      0.04538      -1.16071
35844.385     -0.00240     -15.96305
35850.859      0.02497      -1.52785
35857.321      0.02579      -0.07100
35863.771      0.01096      -3.57972
35870.209      0.00442       4.91682
35876.635      0.02866      -0.86688
35883.049      0.02140      -1.56898
35889.451      0.00207      -6.61570
35895.841      0.03859      -0.65188
35902.219      0.00563      -0.73721
35908.585      0.00158      13.05097
35914.939      0.01836      -1.81074
35921.281      0.01326      -1.84140
35927.611      0.02623      -0.28436
35933.929      0.01462       0.52911
35940.235     -0.00250       3.17208
35946.529      0.03346      -1.29070
35952.811      0.00084     -16.50175
35959.081      0.02570      -0.17641
35965.339      0.02289      -1.05975
35971.585      0.00608      -4.02867
35977.819      0.02530      -0.71510
35984.041      0.01935      -0.08394
35990.251     -0.01364      -0.18542
35996.449      0.00702       0.28765
36002.635      0.03954      -0.95672
36008.809      0.01285       0.86541
36014.971      0.01424      -1.15600
36021.121      0.01923      -0.56272
36027.259      0.00176     -23.21429
36033.385     -0.00241      -2.29900
36039.499      0.00676       1.49921
36045.601      0.01802      -1.80758
36051.691      0.02913      -0.56804
36057.769      0.00800      -2.26492
36063.835      0.02037      -1.57399
36069.889      0.00867       0.01130
36075.931      0.00793      -2.85180
36081.961      0.00599       4.36686
36087.979      0.01807      -0.77836
36093.985      0.02700      -1.12655
36099.979     -0.00169       3.19320
36105.961      0.01432      -0.54544
36111.931      0.00899       1.00349
36117.889      0.01631      -1.65284
36123.835      0.02815      -1.49324
36129.769      0.01471      -0.34041
36135.691      0.00883      -3.56651
36141.601     -0.00740       0.26071
36147.499      0.02400      -0.83820
36153.385      0.01577      -0.90718
36159.259      0.00809      -3.00711
36165.121      0.01671       1.11805
36170.971      0.01659      -1.53968
36176.809      0.01607      -1.36047
36182.635      0.02325      -0.68761
36188.449     -0.00190       2.07461
36194.251      0.01230       0.27945
36200.041      0.00156       1.10346
36205.819      0.02878      -1.51116
36211.585     -0.00244      -1.21909
36217.339      0.03749      -0.90947
36223.081      0.02250      -1.59559
36228.811     -0.00549       1.88927
36234.529      0.01464      -1.47567
36240.235      0.01160      -2.03487
36245.929     -0.00050      -3.61124
36251.611      0.01892       0.32090
36257.281      0.01660      -0.47964
36262.939      0.00492      -6.89823
36268.585      0.02622      -0.39100
36274.219      0.00801      -2.24538
36279.841      0.01065      -0.75048
36285.451     -0.00268       1.34628
36291.049      0.03007      -0.41887
36296.635      0.01769      -0.71678
36302.209      0.00084     -37.63161
36307.771      0.02434      -0.91408
36313.321     -0.00553      -3.59288
36318.859      0.01675      -2.92022
36324.385      0.03430      -1.58742
36329.899      0.01336      -0.75548
36335.401      0.02236      -0.44734
36340.891     -0.00552      -3.22241
36346.369      0.01020      -3.59313
36351.835      0.00486       0.14924
36357.289      0.03358      -0.31208
36362.731      0.00964      -3.71153
36368.161      0.01481      -0.88413
36373.579      0.01564      -2.24203
36378.985      0.01579      -0.61671
36384.379      0.00731      -0.92340
36389.761      0.01258      -2.12546
36395.131      0.01883      -0.24073
36400.489      0.00979      -0.46346
36405.835      0.02546      -0.77656
36411.169      0.01519      -1.45600
36416.491      0.00241      -3.29186
36421.801      0.02594      -1.09915
36427.099     -0.01323      -1.19585
36432.385      0.02767      -1.35711
36437.659      0.00832      -0.55966
36442.921      0.02316      -1.09030
36448.171      0.01395      -3.48558
36453.409     -0.00249       1.98639
36458.635      0.02187      -0.33009
36463.849      0.00446      -2.26107
36469.051      0.02462       0.19053
36474.241      0.01057      -1.35168
36479.419      0.00451      -0.62494
36484.585      0.01317      -2.00727
36489.739      0.00953      -1.65400
36494.881      0.02341      -1.16128
36500.011      0.01597      -1.22692
36505.129      0.01167      -0.44979
36510.235      0.02236      -0.90835
36515.329      0.01938      -0.89244
36520.411      0.01605       0.45917
36525.481     -0.00214       3.76821
36530.539      0.02366      -1.42412
36535.585      0.00127       4.63051
36540.619      0.00605      -2.64435
36545.641      0.00722      -2.58008
36550.651      0.01960      -0.12262
36555.649      0.01550      -0.38232
36560.635      0.01914      -0.65394
36565.609      0.00769      -1.54411
36570.571      0.02476      -1.31048
36575.521      0.00309       2.33027
36580.459      0.03595      -1.42104
36585.385      0.00663       5.21651
36590.299      0.02441      -1.66249
36595.201      0.01718      -1.50591
36600.091      0.00460      -2.92517
36604.969     -0.01141      -0.73010
36609.835      0.03637      -1.62146
36614.689      0.00779      -0.14413
36619.531      0.02200      -0.83311
36624.361      0.03892      -1.67117
36629.179      0.01325       0.52455
36633.985      0.00776       0.31678
36638.779      0.00677      -5.55208
36643.561      0.01917       0.24725
36648.331      0.00328      -7.18309
36653.089      0.02537      -1.33743
36657.835      0.01954      -1.63389
36662.569      0.00794       0.23950
36667.291      0.01394       0.28236
36672.001      0.01481      -0.88563
36676.699      0.03147      -1.48816
36681.385      0.00624       1.11589
36686.059      0.00600      -4.70416
36690.721      0.00388      -2.85500
36695.371      0.04043      -0.89380
36700.009      0.00105      -2.12700
36704.635      0.03248      -0.88420
36709.249      0.00217       6.70592
36713.851      0.00108     -21.12127
36718.441      0.01493      -1.69825
36723.019      0.01663      -1.58729
36727.585      0.02394      -0.02208
36732.139      0.01014      -2.74290
36736.681      0.02258      -1.69952
36741.211      0.00281       1.96152
36745.729      0.01041       1.06448
36750.235      0.02370      -2.12085
36754.729      0.01434      -1.10602
36759.211      0.01828      -0.46000
36763.681      0.02342      -0.49343
36768.139      0.00561       0.21906
36772.585     -0.00138       8.77724
36777.019      0.03399      -1.58895
36781.441      0.00775      -0.36985
36785.851      0.00008     -65.00310
36790.249      0.03435      -1.26157
36794.635      0.00258      -2.14157
36799.009      0.01827       0.02476
36803.371      0.02487      -0.30797
36807.721      0.01435      -3.75518
36812.059      0.03681      -0.56415
36816.385      0.01036      -1.52664
36820.699     -0.01017      -1.34889
36825.001      0.03078      -1.58802
36829.291      0.01928      -0.92811
36833.569      0.01618       0.24101
36837.835     -0.00823      -0.87440
36842.089      0.05384      -1.33634
36846.331      0.01308      -0.69912
36850.561     -0.01271      -0.62768
36854.779      0.02930      -1.09572
36858.985      0.03929      -2.05585
36863.179      0.00927       1.42514
36867.361      0.00720      -2.10003
36871.531      0.03053      -0.53094
36875.689      0.01206      -1.86450
36879.835      0.02032      -1.97854
36883.969     -0.00697      -4.41653
36888.091      0.02983      -1.23157
36892.201      0.00426      -1.51978
36896.299      0.01941      -0.29045
36900.385      0.02992      -1.26368
36904.459      0.01683      -0.67856
36908.521      0.01863      -2.02557
36912.571      0.01377      -0.61124
36916.609      0.02600      -0.93283
36920.635      0.01082      -3.08623
36924.649      0.02232      -0.55154
36928.651      0.01769      -2.08097
36932.641      0.00866      -0.06051
36936.619      0.02477      -1.62918
36940.585      0.02756      -0.59230
36944.539      0.01041       0.64888
36948.481      0.01659      -0.46508
36952.411      0.02463      -1.34106
36956.329      0.03188      -0.33754
36960.235     -0.00069       0.66091
36964.129      0.01096      -0.45618
36968.011      0.02169      -2.11927
36971.881      0.01167       0.76461
36975.739      0.01568      -1.50982
36979.585      0.03049      -1.94881
36983.419      0.00080      26.95077
36987.241      0.03694      -0.84444
36991.051      0.00660       2.01298
36994.849      0.02909      -2.22280
36998.635      0.00503      -0.49919
37002.409      0.02926      -0.38032
37006.171      0.01826      -1.15428
37009.921      0.02152      -1.54757
37013.659      0.00955      -0.66109
37017.385      0.02488      -0.87371
37021.099      0.02452      -0.71305
37024.801      0.01146      -0.96254
37028.491      0.03168      -0.42041
37032.169      0.01177      -3.58133
37035.835      0.01927      -0.32472
37039.489      0.03076      -0.84705
37043.131      0.04000      -0.86578
37046.761      0.00589      -2.50152
37050.379      0.01264      -1.49969
37053.985      0.01988       0.23714
37057.579      0.02421      -2.11990
37061.161      0.03168      -0.51020
37064.731      0.00511       2.69439
37068.289      0.01681      -3.53272
37071.835      0.01637       0.20555
37075.369      0.04513      -0.96156
37078.891      0.03956      -0.90171
37082.401     -0.01182      -1.37739
37085.899      0.02854      -0.80833
37089.385      0.02451      -0.62219
37092.859      0.03033      -0.98557
37096.321      0.00511      -3.81566
37099.771      0.01536      -0.47424
37103.209      0.02167      -0.80863
37106.635      0.02918      -0.04820
37110.049      0.02805      -1.11515
37113.451      0.00740      -3.00955
37116.841      0.02182      -0.79859
37120.219      0.04649      -0.29598
37123.585     -0.00360      -2.97325
37126.939      0.02080      -0.57666
37130.281      0.02398      -1.43727
37133.611      0.03125      -1.51982
37136.929      0.02865      -0.40243
37140.235      0.04895      -0.91359
37143.529      0.01697      -0.79815
37146.811      0.01719      -1.22484
37150.081      0.05241      -0.93782
37153.339      0.00272       2.37139
37156.585      0.01411      -1.05781
37159.819      0.01037      -1.58673
37163.041      0.02730      -0.10764
37166.251      0.00955       0.94196
37169.449      0.04032      -0.78506
37172.635     -0.00381      -2.24235
37175.809      0.02239      -1.55639
37178.971      0.04483      -0.40306
37182.121      0.02747      -1.25576
37185.259      0.01878      -1.69961
37188.385      0.00239       5.25805
37191.499      0.02868      -1.41807
37194.601      0.03287       0.00646
37197.691      0.03734      -0.51177
37200.769      0.02140      -2.00129
37203.835      0.01971       0.23301
37206.889      0.02287      -1.46859
37209.931      0.04308      -0.89626
37212.961      0.03341      -0.02978
37215.979      0.02812      -0.95529
37218.985      0.02227       1.05577
37221.979      0.05133      -0.71464
37224.961      0.02366      -0.74208
37227.931      0.01895      -0.68314
37230.889      0.03656      -0.64292
37233.835      0.03947      -0.38176
37236.769      0.02049      -1.58425
37239.691      0.04357      -0.78920
37242.601      0.00452      -3.11090
37245.499      0.05133      -0.89829
37248.385      0.02137       0.51416
37251.259      0.03508       0.70082
37254.121      0.00987      -2.97627
37256.971      0.04742      -0.68703
37259.809      0.01941      -1.89047
37262.635      0.02912      -0.45669
37265.449      0.04826      -0.96381
37268.251      0.01476       1.96346
37271.041      0.02835      -0.40054
37273.819      0.05347      -1.31999
37276.585      0.03856      -0.42067
37279.339      0.01657       0.17104
37282.081      0.02488       0.86781
37284.811      0.03388      -1.17131
37287.529      0.03112      -0.57711
37290.235      0.03556       0.15345
37292.929      0.05075      -0.31480
37295.611      0.03367      -1.01150
37298.281      0.05155      -0.26488
37300.939      0.03195      -1.07906
37303.585      0.03253      -0.09834
37306.219      0.04459      -0.79419
37308.841      0.05211      -0.78946
37311.451      0.02601       1.00783
37314.049      0.01462      -1.46439
37316.635      0.03300       0.58983
37319.209      0.06434      -0.77693
37321.771      0.03973      -0.76829
37324.321      0.02310       0.99337
37326.859      0.06404      -0.68243
37329.385      0.00702       1.71895
37331.899      0.05519      -0.30722
37334.401      0.03429      -0.72301
37336.891      0.04163       0.31505
37339.369      0.05244      -0.75879
37341.835      0.04969       0.03691
37344.289      0.04426      -0.28686
37346.731      0.03457      -0.10722
37349.161      0.03493      -1.03732
37351.579      0.06349      -0.22417
37353.985      0.03597       0.07123
37356.379      0.05403      -0.13995
37358.761      0.02465       0.77468
37361.131      0.05751      -1.21897
37363.489      0.02434       0.11204
37365.835      0.06383      -0.43746
37368.169      0.04956      -0.03053
37370.491      0.02892       0.25583
37372.801      0.04929      -0.38033
37375.099      0.05212      -0.03230
37377.385      0.02913      -0.55757
37379.659      0.04372      -0.17868
37381.921      0.06733      -0.88475
37384.171      0.03276       0.40607
37386.409      0.04556      -0.24009
37388.635      0.05578      -0.34443
37390.849      0.01994       0.38306
37393.051      0.06485      -0.63834
37395.241      0.03998       0.35604
37397.419      0.05410      -0.22187
37399.585      0.02200      -0.04650
37401.739      0.08026      -0.28264
37403.881      0.06063      -0.76062
37406.011      0.07170      -0.25287
37408.129      0.03445      -0.59325
37410.235      0.04254      -0.48657
37412.329      0.03300       0.93475
37414.411      0.08197      -0.27824
37416.481      0.03193       0.35724
37418.539      0.05528      -0.20301
37420.585      0.06027      -0.13900
37422.619      0.03287      -0.92875
37424.641      0.05696       0.25475
37426.651      0.05917      -0.33535
37428.649      0.06216      -0.03815
37430.635      0.05978      -0.46964
37432.609      0.06531      -0.42423
37434.571      0.06334      -0.55827
37436.521      0.04003       0.61527
37438.459      0.04329      -0.63469
37440.385      0.03535       0.38295
37442.299      0.05695       0.26606
37444.201      0.03829      -0.14991
37446.091      0.07744      -0.73711
37447.969      0.04934      -0.51561
37449.835      0.06615       0.49655
37451.689      0.08696      -0.54843
37453.531      0.01960       2.33906
37455.361      0.06247      -0.15792
37457.179      0.06595      -0.52405
37458.985      0.08922      -0.08833
37460.779      0.03057      -1.38578
37462.561      0.07132      -0.03495
37464.331      0.03006      -0.78871
37466.089      0.02965       0.84267
37467.835      0.03499       0.61688
37469.569      0.06960      -0.32484
37471.291      0.04825      -0.59200
37473.001      0.08480      -0.35727
37474.699      0.05204       0.17264
37476.385      0.05124       0.20466
37478.059      0.08600      -0.99250
37479.721      0.04263       1.18367
37481.371      0.02929      -0.96379
37483.009      0.04457       0.71782
37484.635      0.06687      -0.33780
37486.249      0.06344      -0.26102
37487.851      0.07583      -0.09827
37489.441      0.05594       0.15727
37491.019      0.05993      -0.41928
37492.585      0.04484      -0.98891
37494.139      0.04371       0.59124
37495.681      0.05318       0.87894
37497.211      0.06921       0.04597
37498.729      0.04424      -1.85698
37500.235      0.05528       0.33674
37501.729      0.05979      -0.17838
37503.211      0.08322      -0.29947
37504.681      0.02628       0.36751
37506.139      0.06151       0.51232
37507.585      0.05699       0.15028
37509.019      0.06195      -0.71589
37510.441      0.04686      -1.37868
37511.851      0.07994      -0.09898
37513.249      0.02615      -0.43314
37514.635      0.05141       0.69126
37516.009      0.05883       0.45360
37517.371      0.05701      -1.19347
37518.721      0.03067       1.53956
37520.059      0.06193      -0.33665
37521.385      0.04837       0.25116
37522.699      0.06049       0.29675
37524.001      0.05991      -0.68585
37525.291      0.04484      -0.13758
37526.569      0.04232      -0.59919
37527.835      0.01534       2.60079
37529.089      0.06362      -0.06358
37530.331      0.06320       0.24710
37531.561      0.03941      -0.36778
37532.779      0.04417      -0.44706
37533.985      0.06529      -0.31853
37535.179      0.04481       0.28055
37536.361      0.04776      -0.69106
37537.531      0.06117      -0.90001
37538.689      0.05284      -0.69267
37539.835      0.06373      -0.51350
37540.969      0.05213      -0.14352
37542.091      0.01704       1.41732
37543.201      0.04929      -0.34115
37544.299      0.01959      -0.00447
37545.385      0.06924      -1.40489
37546.459      0.03187      -0.39106
37547.521      0.03447       0.92778
37548.571      0.08479      -0.60537
37549.609      0.06661      -0.97954
37550.635      0.00686       4.19858
37551.649      0.02452       0.55843
37552.651      0.03637      -0.12158
37553.641      0.05252       0.03927
37554.619      0.04285       0.25519
37555.585      0.01438      -0.83501
37556.539      0.03812       0.15159
37557.481      0.03889       0.63048
37558.411      0.05059      -1.54877
37559.329      0.07137      -1.06047
37560.235      0.03702      -0.47650
37561.129      0.02894       1.13943
37562.011      0.04640      -0.38416
37562.881     -0.00065       9.25399
37563.739      0.00699      -2.39677
37564.585      0.00508      -2.63614
37565.419      0.04614      -0.57423
37566.241      0.02390      -0.88708
37567.051      0.03902       0.26269
37567.849      0.01340       0.52776
37568.635      0.00338      -0.92753
37569.409     -0.02039       0.64678
37570.171      0.02883      -1.14910
37570.921      0.02525      -0.10879
37571.659     -0.00485       1.50808
37572.385     -0.00116      15.25405
37573.099      0.00817      -4.76892
37573.801      0.02923       0.76038
37574.491     -0.00744      -5.93481
37575.169      0.01154      -0.27990
37575.835      0.00962      -3.25080
37576.489      0.02018       0.55594
37577.131     -0.02398      -1.16892
37577.761     -0.01757      -2.59884
37578.379      0.00912       1.48398
37578.985      0.00931      -2.63755
37579.579     -0.00318      -0.37539
37580.161     -0.00810      -3.74841
37580.731      0.03670      -1.04838
37581.289      0.02722      -1.01832
37581.835      0.00115     -10.49009
37582.369      0.00719       5.27041
37582.891     -0.00007    -617.92213
37583.401      0.01499       2.69896
37583.899     -0.02108      -1.78998
37584.385     -0.00472       0.20769
37584.859      0.01034      -0.17698
37585.321      0.00067       7.40296
37585.771     -0.01325      -1.45476
37586.209      0.01715       0.00769
37586.635     -0.00697      -3.16633
37587.049     -0.00871      -1.45385
37587.451     -0.02724      -0.62335
37587.841      0.00013       7.60852
37588.219      0.03141       1.16113
37588.585     -0.01373      -2.92996
37588.939      0.03182       0.64896
37589.281      0.00389       4.15900
37589.611      0.00079      26.08809
37589.929      0.00834       4.40372
37590.235      0.00834      -0.67869
37590.529     -0.00792      -0.60199
37590.811      0.02212       1.61403
37591.081      0.00090      38.47324
37591.339     -0.00572       0.15293
37591.585      0.03430      -0.91658
37591.819      0.03091      -1.38904
37592.041      0.02704      -0.23900
37592.251      0.01573      -2.23610
37592.449      0.02960      -1.76282
37592.635      0.00540       1.22020
37592.809      0.00101      43.63890
37592.971     -0.00161     -11.37627
37593.121     -0.01515      -1.83449
37593.259     -0.01543      -1.40932
37593.385     -0.01232      -0.88085
37593.499     -0.00281      -2.96370
37593.601      0.00087       5.80825
37593.691      0.00662      -2.73654
37593.769      0.00155     -19.73825
37593.835     -0.00038      97.53396
37593.889     -0.01680       0.72390
37593.931     -0.03790      -0.58636
37593.961     -0.04038      -0.66434
37593.979     -0.02206      -0.65737
37593.985     -0.00000      -1.56103
