-0.000000000000000000e+00
-2.382470881974780089e-02
-1.063709180040979391e-01
-1.509013433564632967e-01
-1.756311987830742050e-01
-1.109783875888816496e-01
-6.420565387763774168e-02
1.473324246971522214e-02
8.267014236445914543e-02
1.731362860414977223e-01
2.202440002454080781e-01
2.087928468127073223e-01
2.266714558059625684e-01
2.967390186092995763e-01
3.398699247452698358e-01
4.095948867357369072e-01
4.033783485528290025e-01
5.674522604169579543e-01
5.431651080027761758e-01
5.812033737841930670e-01
5.737957502433977952e-01
5.210796753072398646e-01
5.484457503918128696e-01
7.028386681619871457e-01
6.689002232452784247e-01
6.211843853398557602e-01
6.450295385175514040e-01
8.221474495229956769e-01
7.340059576941057040e-01
8.711488790800466786e-01
9.547006278176066729e-01
1.069008176486045958e+00
9.933454133952472898e-01
9.289829833307797768e-01
7.917082829521702170e-01
7.338266257858414576e-01
7.302852373315598111e-01
5.322718633253177289e-01
5.399339841839537746e-01
8.618192235595548700e-01
8.302439436537225603e-01
8.278621749004513308e-01
8.321668767355937524e-01
9.841162529191319619e-01
9.257204701102517141e-01
9.747151301300576165e-01
9.053887781099025922e-01
7.928932102580422692e-01
5.706138288964759386e-01
5.575611159758210311e-01
6.852429712251251193e-01
7.822898296518678851e-01
6.523213164387174912e-01
9.221571614709906939e-01
9.340926726601889163e-01
8.656396076328188860e-01
8.067456642300802061e-01
1.004714475485133152e+00
1.068064597609065913e+00
9.863935147021601901e-01
9.249205642912006198e-01
9.345709330728807496e-01
8.961921405603981983e-01
7.414284168417385468e-01
1.017560891194998929e+00
1.114330767333341576e+00
8.818398135236130697e-01
9.968785769768357952e-01
8.197926656248772925e-01
9.756719193148867264e-01
1.090846890135795944e+00
1.137884418551691867e+00
1.110108559349739954e+00
1.033112066388088390e+00
8.400290081201924330e-01
9.115951676131865966e-01
1.100193219470865902e+00
1.027459382574605451e+00
9.516292513253276075e-01
8.471367901331475769e-01
9.052376650325832941e-01
1.078870554462605158e+00
1.122631242045997402e+00
9.235091617326562918e-01
7.962273149318825904e-01
8.214287301553307996e-01
1.050006551877784133e+00
7.930895101803570046e-01
1.017180340927446913e+00
1.012439492624898074e+00
8.308901351467175012e-01
8.877672352989132154e-01
9.762026044354136234e-01
9.814362464195794944e-01
9.302696266057758345e-01
8.743409182887245112e-01
8.418097299871170058e-01
9.366738227630927449e-01
7.539320429668859846e-01
7.653635048755836889e-01
8.179040793347680527e-01
9.378318569200918553e-01
9.109668711334477642e-01
7.863720386290549147e-01
6.787991630252588893e-01
8.084164599916294769e-01
9.541033808475491984e-01
7.429586620766613914e-01
6.755439302009348390e-01
5.937751088757438067e-01
8.073026520354388280e-01
7.597742731004724082e-01
6.611192011238881117e-01
6.896069508896314204e-01
5.927969285597468607e-01
7.553510901378011066e-01
6.713272021375646936e-01
6.605102024301321428e-01
4.844112800847988898e-01
6.094976487524584874e-01
5.723275245817659451e-01
7.036901636726924369e-01
5.846204426843343294e-01
5.551486255938322678e-01
6.426801717894048416e-01
5.410809419456987790e-01
6.882655794647533076e-01
5.599819981058020701e-01
7.156552943942126044e-01
5.461666315279405381e-01
4.450809720996290464e-01
6.729607884371213711e-01
5.167697207301512607e-01
5.869266240351468378e-01
4.757862684195545699e-01
5.882749841463861262e-01
4.134382173185696674e-01
4.884841788564498466e-01
4.161445879100423295e-01
4.860246875397522537e-01
3.890454555334005859e-01
4.507862980810367626e-01
3.574759112174222264e-01
4.172756793236687689e-01
4.942465004678450735e-01
4.388484172322894561e-01
3.425270927677962485e-01
5.140482190614125146e-01
4.030778182093652240e-01
4.165678425674731455e-01
4.883547988700265297e-01
5.333952338432271789e-01
3.294688904011668362e-01
4.572225305745996615e-01
4.476192686164913170e-01
3.926906111569694047e-01
3.651040881037325714e-01
2.857399948430817682e-01
3.586229507635414482e-01
4.638396739264051827e-01
4.343600803314090486e-01
3.946005334413468790e-01
2.952115932097403306e-01
3.532333938648430927e-01
3.213231924111898397e-01
2.124897246353490143e-01
2.773886293349679399e-01
5.027618546295412605e-01
5.570818718584416018e-01
4.134831877321170079e-01
2.407573108162471831e-01
4.127056574045852022e-01
3.264588241371513821e-01
1.289946318113077695e-01
3.857963107582642048e-01
3.897178147946123161e-01
4.417992541777505666e-01
2.297791202412944322e-01
3.494041633543716330e-01
2.785905291513631199e-01
4.184506854775815743e-01
2.596980589038454523e-01
3.513355459083390420e-01
2.366766065616675019e-01
3.582675695186160469e-01
4.618544235227229344e-01
2.884421935198145936e-01
3.589884192491045733e-01
3.309591959530834293e-01
2.647860840424954287e-01
2.494943772542403126e-01
4.237028285425502583e-01
3.252012252034721662e-01
2.242025450480807924e-01
3.725429776839807028e-01
2.273341782243309683e-01
1.846332698668478045e-01
3.255391453670901658e-01
3.554255409102500818e-01
3.503176763416402939e-01
3.850001951429875002e-01
3.509893369245988826e-01
2.383692900905941270e-01
3.155833830610635382e-01
2.870617024023350838e-01
3.264926386769884670e-01
2.762367041528173695e-01
2.379555424656462637e-01
3.917008065995692956e-01
2.339734142763035818e-01
2.806149537874144673e-01
2.266788618308956116e-01
4.148045588723107135e-01
2.606555650129013246e-01
1.366361099385390576e-01
2.845172298170618452e-01
3.465326450407358316e-01
1.964047771025468070e-01
4.007189532371656093e-01
3.524633059901765564e-01
4.019048563712051547e-01
2.485878474574799435e-01
2.522828321775236748e-01
3.535011296226882593e-01
2.949706553294280109e-01
2.626368009429344008e-01
2.935744816694774162e-01
1.496245176360504192e-01
2.156935538191068757e-01
2.638724900785086591e-01
2.823843828420816715e-01
2.951305100617044874e-01
2.351480185733132444e-01
2.299086791897937132e-01
2.435157388357537811e-01
2.377985481882705365e-01
2.059286204332949066e-01
2.695583327796099438e-01
2.340633935815936151e-01
3.794107359055762241e-01
3.510452906327788392e-01
2.811092865358217896e-01
3.001335835369070004e-01
3.479523522744761843e-01
2.919572974081794947e-01
2.240404879237191671e-01
2.913982038868017654e-01
2.941465281834016454e-01
3.712859501527981942e-01
3.088251482691668492e-01
3.346562748228871231e-01
3.843974890708948267e-01
1.873556138178559816e-01
4.703916825932584200e-01
3.588228954045954433e-01
3.501040976587477260e-01
1.543430984914170301e-01
4.210699250437291430e-01
2.912456816206308585e-01
2.380660307099372042e-01
3.274966331193303604e-01
2.735212517695496670e-01
4.246152686321406633e-01
3.133293858152577660e-01
3.790835056864061969e-01
2.585526070717789060e-01
1.846416964031811214e-01
2.888223165335957465e-01
5.254535417302985678e-01
3.316436358689189290e-01
3.529030672079940811e-01
6.313880944143144269e-01
5.662179851663556862e-01
3.610513415845336693e-01
4.804886238503234264e-01
6.576218152789814475e-01
5.213436734267886674e-01
6.728258833106418590e-01
7.942920126875023801e-01
5.571651979407129529e-01
5.747663539250088549e-01
7.350174779137588210e-01
6.418399366846526677e-01
4.725770938939721222e-01
6.451230768884778088e-01
4.995800018409492504e-01
5.012142036584388283e-01
4.069769228559384500e-01
5.542891750250446004e-01
3.823969021435320026e-01
4.322885390953685181e-01
5.141014903385239254e-01
4.670795697428132831e-01
3.630395721570334744e-01
4.226155950460122601e-01
2.169905579242056293e-01
4.554193739318144751e-01
1.051512364165263058e+00
1.248549045024633708e+00
1.573203875825718301e+00
1.217977923799194118e+00
1.031447298416407365e+00
1.034289692799079230e+00
1.062150387247748684e+00
1.280921293531146921e+00
1.563073209891194582e+00
1.677792368554019253e+00
1.396023497393826363e+00
1.184972989685084244e+00
9.920046148982989420e-01
8.058145425713774124e-01
9.485131579660486256e-01
9.764150761775035603e-01
9.092670497592615364e-01
9.104447292175158468e-01
7.183594907670859397e-01
8.619205241134541007e-01
8.596800708310213812e-01
7.415030072878605605e-01
6.507312353338542410e-01
7.829913970116466615e-01
6.940100595620275481e-01
6.941274475648402387e-01
6.219950399192896162e-01
4.734529108909597550e-01
5.940176666869750877e-01
4.156070251444583530e-01
4.265394716611286552e-01
4.983958478713195750e-01
6.810905574911455540e-01
7.387281598985087072e-01
5.057836418227333874e-01
7.050274763425594671e-01
9.174833195230629457e-01
9.604103073113858802e-01
7.705951382602085342e-01
8.152732760470379203e-01
8.658949300640437219e-01
1.035685325975707505e+00
1.327218213261597279e+00
1.485034253751848166e+00
1.541417936316904269e+00
1.362890329220707075e+00
9.857173296594600176e-01
8.544508130778590838e-01
1.069659653925348897e+00
1.315689912385120452e+00
1.367608952582489046e+00
1.283932360799958872e+00
1.186443439033790792e+00
5.249852728658146450e-01
3.957516541973580271e-01
4.440441252637073455e-01
3.077632120092765322e-01
5.582695258486777279e-01
3.922759275292337366e-01
5.950900389045784555e-01
4.894891272839289598e-01
7.134138347280950532e-01
1.116826349756645964e+00
1.310690963539103748e+00
1.379217595941736096e+00
1.449490439911633288e+00
1.507776405852258250e+00
1.372428763352465220e+00
1.588593387863385775e+00
1.429986849606135424e+00
1.423226106342652786e+00
1.248614877754704144e+00
1.512790761663227457e+00
1.219082007381692145e+00
1.239349339867946931e+00
1.291337544248094549e+00
1.108134380975014821e+00
1.073284926106302883e+00
9.717252476664669514e-01
8.490188045029261055e-01
6.568726747144343348e-01
3.879578754301216126e-01
4.776160546244833105e-01
4.920866869189078896e-01
4.308823240978208458e-01
3.880076354620288215e-01
5.070885105744249444e-01
4.470535056425892217e-01
5.509911193979587507e-01
7.350037453721399716e-01
9.000953710890190473e-01
9.462670917000471915e-01
8.608451545429098850e-01
1.078506412259085501e+00
1.097084327713454099e+00
1.179499445570965088e+00
1.185695269502747173e+00
1.137606815343219280e+00
1.285798248432560964e+00
1.404997142073345584e+00
1.471892407734724406e+00
1.291976912312416292e+00
1.300394897177548525e+00
1.334700222623577570e+00
1.320918745252429805e+00
1.038979863710807860e+00
7.740005007862347242e-01
4.501860513215659165e-01
4.316772865286870320e-01
3.593640465759982972e-01
3.383393993658329602e-01
4.084476152077235467e-01
3.840921357083961207e-01
3.617364806754408968e-01
3.709535985677764325e-01
2.852251129916952843e-01
4.310779224289421618e-01
4.442815678007902003e-01
3.518211914779088012e-01
4.046807327015525813e-01
4.169595184524348963e-01
3.061337585297940200e-01
5.324409515782950741e-01
4.367952286639423809e-01
4.578939851296846553e-01
3.621653850794971374e-01
5.194369778439531515e-01
4.194409886214410799e-01
4.514168676833827942e-01
5.047633917034758388e-01
5.399105812586336706e-01
5.068116233342738752e-01
4.718960404622621341e-01
4.527681108913499397e-01
5.958204866640774977e-01
9.016836569363495535e-01
8.805955824133000487e-01
9.504810160852610323e-01
1.027834444868304331e+00
1.248986568947357156e+00
1.243095948242183280e+00
1.345884246715916222e+00
1.560306133453948751e+00
1.012653559578385432e+00
9.411748809873695665e-01
1.077348839557159321e+00
1.011749063299250961e+00
9.329368767291003062e-01
9.625457239142409804e-01
9.018582495146176825e-01
8.720818558905268914e-01
8.119367008206596070e-01
8.591971372023770037e-01
6.952339227850579118e-01
6.301530875600722670e-01
7.320482383685182892e-01
2.000000000000000000e+00
1.931776006895607356e+00
6.256397107739928298e-01
2.561014296682569413e-01
2.337720435065978875e-01
1.933115196501994371e-01
1.305393093604469701e-01
2.390744640004734828e-02
2.116988375105585251e-03
1.492716316008233521e-03
1.220269389915749816e-03
1.024431297676939865e-03
8.870473729239583896e-04
7.717908628553700077e-04
6.489697401988205310e-04
6.324308475016161011e-04
7.760992792949343317e-04
5.129538708205097974e-04
4.740214874406203992e-04
2.804373154326336519e-04
4.159103582367974523e-04
9.552926934934407883e-04
3.865747675148837226e-04
3.510637125434933211e-04
1.431650291043546166e-04
5.962616306631247530e-04
6.121616619686633251e-04
3.316065123610312292e-04
3.257852282744902787e-04
3.112220914861610365e-04
2.984010610803411478e-04
2.871863585463640782e-04
2.730912767191096945e-04
2.391669111862778448e-04
3.085132494637574368e-04
3.158636334090459655e-04
2.572039263422871763e-04
2.520823220375015272e-04
2.467877328385544825e-04
2.420310735726512543e-04
2.378796954323990896e-04
2.338217056597905797e-04
2.307004840089196373e-04
2.273323029398949691e-04
2.247265430170290095e-04
2.224614272315981859e-04
2.204494750699201192e-04
2.191194952025505020e-04
2.179623515781226647e-04
2.175614746428340825e-04
2.177246753474707680e-04
2.182495941014350705e-04
2.203361563611565114e-04
2.226210839703752717e-04
2.279899142901650906e-04
2.317813163037477564e-04
2.502101646060575220e-04
2.453596878802144932e-04
3.496553641130481830e-04
