4.500000      0.003529      0.048464      0.420793     -0.894614
4.550000      0.003064      0.048621      0.420157     -0.908363
4.600000      0.002637      0.048755      0.419495     -0.921002
4.650000      0.002248      0.048868      0.418814     -0.932553
4.700000      0.001895      0.048962      0.418123     -0.943037
4.750000      0.001578      0.049038      0.417428     -0.952481
4.800000      0.001296      0.049096      0.416734     -0.960913
4.850000      0.001048      0.049138      0.416047     -0.968360
4.900000      0.000831      0.049165      0.415369     -0.974853
4.950000      0.000646      0.049179      0.414705     -0.980423
5.000000      0.000491      0.049179      0.414055     -0.985103
5.050000      0.000364      0.049166      0.413422     -0.988925
5.100000      0.000265      0.049143      0.412807     -0.991922
5.150000      0.000193      0.049108      0.412212     -0.994127
5.200000      0.000145      0.049063      0.411637     -0.995575
5.250000      0.000121      0.049009      0.411083     -0.996298
5.300000      0.000120      0.048946      0.410549     -0.996331
5.350000      0.000140      0.048874      0.410035     -0.995706
5.400000      0.000181      0.048795      0.409542     -0.994455
5.450000      0.000241      0.048709      0.409068     -0.992611
5.500000      0.000318      0.048615      0.408614     -0.990206
5.550000      0.000414      0.048516      0.408178     -0.987268
5.600000      0.000525      0.048410      0.407761     -0.983830
5.650000      0.000651      0.048300      0.407360     -0.979919
5.700000      0.000791      0.048183      0.406976     -0.975564
5.750000      0.000945      0.048063      0.406608     -0.970792
5.800000      0.001111      0.047937      0.406254     -0.965629
5.850000      0.001289      0.047808      0.405914     -0.960101
5.900000      0.001477      0.047675      0.405587     -0.954231
5.950000      0.001676      0.047538      0.405272     -0.948043
6.000000      0.001883      0.047398      0.404969     -0.941560

