3.000000      0.000000      0.000000      0.000000      0.000000
3.005000      0.000091      0.000032      0.000648      0.771856
3.010000      0.000215      0.000046      0.001286      1.096408
3.015000      0.000366      0.000058      0.002023      1.275057
3.020000      0.000541      0.000069      0.002849      1.388083
3.025000      0.000737      0.000080      0.003754      1.465999
3.030000      0.000950      0.000090      0.004730      1.522937
3.035000      0.001179      0.000100      0.005771      1.566344
3.040000      0.001422      0.000109      0.006871      1.600514
3.045000      0.001679      0.000119      0.008026      1.628098
3.050000      0.001947      0.000128      0.009232      1.650821
3.055000      0.002228      0.000138      0.010486      1.669854
3.060000      0.002519      0.000147      0.011783      1.686021
3.065000      0.002819      0.000157      0.013123      1.699915
3.070000      0.003130      0.000166      0.014501      1.711978
3.075000      0.003448      0.000176      0.015917      1.722544
3.080000      0.003776      0.000185      0.017367      1.731870
3.085000      0.004110      0.000195      0.018851      1.740158
3.090000      0.004453      0.000205      0.020365      1.747568
3.095000      0.004802      0.000214      0.021910      1.754228
3.100000      0.005158      0.000224      0.023483      1.760243

