3.100000      0.016189      0.018288      0.221019     -0.079536
3.150000      0.018377      0.022099      0.262113     -0.118967
3.200000      0.019643      0.025176      0.293197     -0.158087
3.250000      0.020305      0.027770      0.317696     -0.196832
3.300000      0.020539      0.030010      0.337444     -0.235140
3.350000      0.020457      0.031976      0.353575     -0.272946
3.400000      0.020138      0.033721      0.366857     -0.310190
3.450000      0.019640      0.035282      0.377842     -0.346809
3.500000      0.019007      0.036685      0.386945     -0.382745
3.550000      0.018272      0.037952      0.394486     -0.417942
3.600000      0.017464      0.039101      0.400720     -0.452345
3.650000      0.016604      0.040143      0.405853     -0.485903
3.700000      0.015710      0.041092      0.410056     -0.518566
3.750000      0.014797      0.041956      0.413467     -0.550290
3.800000      0.013876      0.042743      0.416206     -0.581033
3.850000      0.012959      0.043460      0.418373     -0.610758
3.900000      0.012053      0.044114      0.420052     -0.639429
3.950000      0.011164      0.044709      0.421316     -0.667018
4.000000      0.010298      0.045250      0.422227     -0.693499
4.050000      0.009460      0.045743      0.422839     -0.718849
4.100000      0.008653      0.046189      0.423198     -0.743052
4.150000      0.007880      0.046593      0.423345     -0.766094
4.200000      0.007143      0.046958      0.423312     -0.787966
4.250000      0.006443      0.047286      0.423132     -0.808664
4.300000      0.005781      0.047581      0.422828     -0.828185
4.350000      0.005159      0.047844      0.422425     -0.846532
4.400000      0.004576      0.048077      0.421940     -0.863713
4.450000      0.004033      0.048284      0.421392     -0.879736
4.500000      0.003529      0.048464      0.420793     -0.894614

