3.000000      0.000000      0.000000      0.000000      0.000000
3.005000      0.004169      0.004194      0.052599     -0.003992
3.010000      0.005853      0.005923      0.074140     -0.007984
3.015000      0.007116      0.007245      0.090503     -0.011973
3.020000      0.008156      0.008355      0.104158     -0.015962
3.025000      0.009052      0.009329      0.116069     -0.019949
3.030000      0.009843      0.010205      0.126728     -0.023934
3.035000      0.010554      0.011008      0.136431     -0.027918
3.040000      0.011199      0.011753      0.145372     -0.031900
3.045000      0.011791      0.012449      0.153684     -0.035881
3.050000      0.012337      0.013105      0.161466     -0.039860
3.055000      0.012843      0.013726      0.168792     -0.043837
3.060000      0.013315      0.014318      0.175721     -0.047812
3.065000      0.013756      0.014883      0.182299     -0.051785
3.070000      0.014169      0.015424      0.188563     -0.055756
3.075000      0.014557      0.015944      0.194545     -0.059725
3.080000      0.014922      0.016445      0.200272     -0.063692
3.085000      0.015266      0.016928      0.205764     -0.067656
3.090000      0.015591      0.017396      0.211042     -0.071619
3.095000      0.015899      0.017848      0.216122     -0.075579
3.100000      0.016189      0.018288      0.221019     -0.079536
3.150000      0.018377      0.022099      0.262113     -0.118967
3.200000      0.019643      0.025176      0.293197     -0.158087
3.250000      0.020305      0.027770      0.317696     -0.196832
3.300000      0.020539      0.030010      0.337444     -0.235140
3.350000      0.020457      0.031976      0.353575     -0.272946
3.400000      0.020138      0.033721      0.366857     -0.310190
3.450000      0.019640      0.035282      0.377842     -0.346809
3.500000      0.019007      0.036685      0.386945     -0.382745
3.550000      0.018272      0.037952      0.394486     -0.417942
3.600000      0.017464      0.039101      0.400720     -0.452345
3.650000      0.016604      0.040143      0.405853     -0.485903
3.700000      0.015710      0.041092      0.410056     -0.518566
3.750000      0.014797      0.041956      0.413467     -0.550290
3.800000      0.013876      0.042743      0.416206     -0.581033
3.850000      0.012959      0.043460      0.418373     -0.610758
3.900000      0.012053      0.044114      0.420052     -0.639429
3.950000      0.011164      0.044709      0.421316     -0.667018
4.000000      0.010298      0.045250      0.422227     -0.693499
4.050000      0.009460      0.045743      0.422839     -0.718849
4.100000      0.008653      0.046189      0.423198     -0.743052
4.150000      0.007880      0.046593      0.423345     -0.766094
4.200000      0.007143      0.046958      0.423312     -0.787966
4.250000      0.006443      0.047286      0.423132     -0.808664
4.300000      0.005781      0.047581      0.422828     -0.828185
4.350000      0.005159      0.047844      0.422425     -0.846532
4.400000      0.004576      0.048077      0.421940     -0.863713
4.450000      0.004033      0.048284      0.421392     -0.879736
4.500000      0.003529      0.048464      0.420793     -0.894614
4.550000      0.003064      0.048621      0.420157     -0.908363
4.600000      0.002637      0.048755      0.419495     -0.921002
4.650000      0.002248      0.048868      0.418814     -0.932553
4.700000      0.001895      0.048962      0.418123     -0.943037
4.750000      0.001578      0.049038      0.417428     -0.952481
4.800000      0.001296      0.049096      0.416734     -0.960913
4.850000      0.001048      0.049138      0.416047     -0.968360
4.900000      0.000831      0.049165      0.415369     -0.974853
4.950000      0.000646      0.049179      0.414705     -0.980423
5.000000      0.000491      0.049179      0.414055     -0.985103
5.050000      0.000364      0.049166      0.413422     -0.988925
5.100000      0.000265      0.049143      0.412807     -0.991922
5.150000      0.000193      0.049108      0.412212     -0.994127
5.200000      0.000145      0.049063      0.411637     -0.995575
5.250000      0.000121      0.049009      0.411083     -0.996298
5.300000      0.000120      0.048946      0.410549     -0.996331
5.350000      0.000140      0.048874      0.410035     -0.995706
5.400000      0.000181      0.048795      0.409542     -0.994455
5.450000      0.000241      0.048709      0.409068     -0.992611
5.500000      0.000318      0.048615      0.408614     -0.990206
5.550000      0.000414      0.048516      0.408178     -0.987268
5.600000      0.000525      0.048410      0.407761     -0.983830
5.650000      0.000651      0.048300      0.407360     -0.979919
5.700000      0.000791      0.048183      0.406976     -0.975564
5.750000      0.000945      0.048063      0.406608     -0.970792
5.800000      0.001111      0.047937      0.406254     -0.965629
5.850000      0.001289      0.047808      0.405914     -0.960101
5.900000      0.001477      0.047675      0.405587     -0.954231
5.950000      0.001676      0.047538      0.405272     -0.948043
6.000000      0.001883      0.047398      0.404969     -0.941560

