3.000000      0.000000      0.000000      0.000000      0.000000
3.005000      0.000091      0.000032      0.000648      0.771856
3.010000      0.000215      0.000046      0.001286      1.096408
3.015000      0.000366      0.000058      0.002023      1.275057
3.020000      0.000541      0.000069      0.002849      1.388083
3.025000      0.000737      0.000080      0.003754      1.465999
3.030000      0.000950      0.000090      0.004730      1.522937
3.035000      0.001179      0.000100      0.005771      1.566344
3.040000      0.001422      0.000109      0.006871      1.600514
3.045000      0.001679      0.000119      0.008026      1.628098
3.050000      0.001947      0.000128      0.009232      1.650821
3.055000      0.002228      0.000138      0.010486      1.669854
3.060000      0.002519      0.000147      0.011783      1.686021
3.065000      0.002819      0.000157      0.013123      1.699915
3.070000      0.003130      0.000166      0.014501      1.711978
3.075000      0.003448      0.000176      0.015917      1.722544
3.080000      0.003776      0.000185      0.017367      1.731870
3.085000      0.004110      0.000195      0.018851      1.740158
3.090000      0.004453      0.000205      0.020365      1.747568
3.095000      0.004802      0.000214      0.021910      1.754228
3.100000      0.005158      0.000224      0.023483      1.760243
3.150000      0.009017      0.000325      0.040490      1.798453
3.200000      0.013264      0.000431      0.059171      1.816959
3.250000      0.017742      0.000542      0.078860      1.827224
3.300000      0.022343      0.000657      0.099097      1.833249
3.350000      0.026987      0.000776      0.119545      1.836798
3.400000      0.031616      0.000898      0.139954      1.838765
3.450000      0.036185      0.001022      0.160130      1.839655
3.500000      0.040660      0.001147      0.179927      1.839774
3.550000      0.045015      0.001274      0.199231      1.839318
3.600000      0.049231      0.001401      0.217956      1.838416
3.650000      0.053291      0.001529      0.236036      1.837162
3.700000      0.057186      0.001658      0.253425      1.835619
3.750000      0.060907      0.001786      0.270088      1.833837
3.800000      0.064451      0.001913      0.286004      1.831851
3.850000      0.067815      0.002041      0.301160      1.829690
3.900000      0.070997      0.002167      0.315551      1.827374
3.950000      0.073999      0.002293      0.329179      1.824921
4.000000      0.076823      0.002418      0.342050      1.822344
4.050000      0.079470      0.002541      0.354175      1.819654
4.100000      0.081945      0.002664      0.365568      1.816860
4.150000      0.084253      0.002785      0.376247      1.813970
4.200000      0.086396      0.002905      0.386230      1.810990
4.250000      0.088382      0.003023      0.395538      1.807924
4.300000      0.090215      0.003140      0.404193      1.804778
4.350000      0.091900      0.003255      0.412218      1.801554
4.400000      0.093443      0.003368      0.419635      1.798256
4.450000      0.094851      0.003481      0.426468      1.794886
4.500000      0.096127      0.003591      0.432741      1.791446
