3.000000      0.000000      0.000000      0.000000      0.000000
3.005000      0.004169      0.004194      0.052599     -0.003992
3.010000      0.005853      0.005923      0.074140     -0.007984
3.015000      0.007116      0.007245      0.090503     -0.011973
3.020000      0.008156      0.008355      0.104158     -0.015962
3.025000      0.009052      0.009329      0.116069     -0.019949
3.030000      0.009843      0.010205      0.126728     -0.023934
3.035000      0.010554      0.011008      0.136431     -0.027918
3.040000      0.011199      0.011753      0.145372     -0.031900
3.045000      0.011791      0.012449      0.153684     -0.035881
3.050000      0.012337      0.013105      0.161466     -0.039860
3.055000      0.012843      0.013726      0.168792     -0.043837
3.060000      0.013315      0.014318      0.175721     -0.047812
3.065000      0.013756      0.014883      0.182299     -0.051785
3.070000      0.014169      0.015424      0.188563     -0.055756
3.075000      0.014557      0.015944      0.194545     -0.059725
3.080000      0.014922      0.016445      0.200272     -0.063692
3.085000      0.015266      0.016928      0.205764     -0.067656
3.090000      0.015591      0.017396      0.211042     -0.071619
3.095000      0.015899      0.017848      0.216122     -0.075579
3.100000      0.016189      0.018288      0.221019     -0.079536

