-0.000000000000000000e+00
-5.501538782044276821e-03
-1.067446392746853115e-02
-1.494489566691308349e-02
-1.348086600418794447e-02
-6.119907106387875891e-03
-5.425847916829610847e-04
6.047833023524272662e-03
2.603826938651036729e-03
6.951175574120051388e-03
-4.752965260030526246e-03
-1.658303631051366925e-02
3.896537401838197964e-03
2.095886632266666741e-04
-9.275097772809538094e-03
2.415576807653081574e-03
-3.877102965092793551e-04
-1.823702170735493414e-02
-1.278408126025764625e-02
-9.038813562602041052e-03
-8.116432307259828505e-03
-1.454959107001943877e-02
-2.045381199653061727e-02
-2.763659040644917894e-02
-1.202674049599910394e-02
-2.585877451293587884e-02
-2.252493387099614025e-02
-8.938430526611536309e-03
3.141102400834888935e-03
4.967175259855813839e-03
-1.647601723037823290e-02
-1.684984439574881490e-02
1.581466419865246512e-02
2.758444787904998363e-02
-1.112554573564373227e-02
-3.499383910175052348e-02
-4.135722801976838767e-03
-3.700223651993941182e-02
-2.724303381780172201e-02
2.196900668477129014e-03
-1.965434783513076225e-02
-2.174444807425400181e-02
6.587315825672401814e-03
-1.016903505520844880e-02
2.013570371224738045e-02
4.209990612637552060e-03
-1.973471677563171447e-02
-3.265110760017137653e-03
-5.778532853264318862e-03
-3.081211210527172884e-03
3.138787589772384923e-02
2.020726586615852194e-02
3.875548692363721404e-03
2.524404161280013881e-02
3.657339269223403022e-02
2.895705011760774453e-02
1.568467603369581506e-02
-2.190440411371546645e-02
3.387709362477642899e-02
1.177217153585239651e-01
8.751626683209473567e-02
7.841754230071297516e-02
8.806159608597696753e-02
9.308162366547030608e-02
1.424777231412298062e-01
1.786645901646904955e-01
1.701895247908810360e-01
2.109262981728500519e-01
2.421721766404063836e-01
3.970245832960008769e-01
4.011389461122417677e-01
3.248309601510049327e-01
2.051850808150104122e-01
1.128262188119399101e-01
1.027591466324042357e-01
8.771127605777465086e-02
1.024312920320460257e-01
8.955280149396487033e-02
7.741973329910419033e-02
8.539890527986605806e-02
4.848210619878935701e-02
8.662076636726145917e-02
8.985903887485888197e-02
7.145439644946502411e-02
7.281093629919262178e-02
1.347159054726696781e-01
1.446804258846632607e-01
1.290585360940828541e-01
1.771759876407381917e-01
2.468190314721286360e-01
3.144450591165083297e-01
3.261206719451040237e-01
2.021285771714090573e-01
8.054424913079549775e-02
8.306222073266841810e-02
1.075585911939709038e-01
9.455923179294194181e-02
6.313904068596813690e-02
5.687773624775778469e-02
3.060453802673579471e-02
-9.645753541581727998e-04
9.534165793360757993e-03
1.312921848874338583e-02
1.325477175386322211e-02
4.610671287826143688e-02
1.885118052882510387e-02
1.441732724564199694e-03
1.060978974681922073e-02
2.589672063437130356e-02
-2.403208169452533682e-02
1.999332828582578089e-02
2.949629391948824925e-02
-3.640821306450825467e-03
-7.212873757748514830e-03
-9.032284528765152989e-03
2.549207118317111873e-02
1.186187032478509991e-02
1.465662042004553349e-02
2.075291982278944583e-02
-1.154601156630985742e-04
4.069819576815105616e-02
5.970830317310277247e-02
6.031386620163892154e-02
3.952017799448003660e-02
9.303568365691840258e-02
1.526508379492385326e-01
1.721305892297236018e-01
3.375192093092419521e-01
2.003228407669600808e-01
8.604542821835201027e-02
7.655229018427782417e-02
7.690427348715503375e-02
1.106424597545731664e-01
1.040384043446339335e-01
1.000313446126242650e-01
6.275766039444320710e-02
5.528719998676655950e-02
1.224066864046678138e-01
1.400326472046425907e-01
2.869008977981979402e-01
4.048954175333110417e-01
1.911339408165699250e-01
9.845883767029699196e-02
1.476063267582923000e-01
1.851778158397256735e-01
1.460725410482399400e-01
1.428949707133283231e-01
1.889678406409440459e-01
2.100212345754580989e-01
2.299497449234048640e-01
4.132713113088787860e-01
7.776407468848306470e-01
5.368211446341020210e-01
1.860058757291142284e-01
1.771445972263208379e-01
1.495979764650321175e-01
1.302029968138160299e-01
5.886694615578828838e-02
4.008532545959247323e-02
2.890151383549652286e-02
4.720614701621430459e-02
2.729099214977080690e-02
1.958854811343978958e-02
2.327425363798503455e-02
2.081510882866986073e-03
4.508336133366696967e-03
6.341320681275079002e-03
4.956161591917471795e-04
9.344751256952575635e-03
8.286527170250230709e-03
1.242747110526077128e-02
2.752819701978610062e-02
4.533204846998948288e-03
2.686858320370003831e-03
-2.039837253202159400e-03
1.749022046767875413e-02
1.192706118333317251e-02
5.584948242647788316e-03
8.623446329340653596e-03
1.665919662580825009e-02
9.619042235086461973e-03
2.257879268530500749e-02
-1.073797231106864841e-02
2.669401870644484004e-02
4.024890711000587117e-03
1.227440593788142048e-02
5.294630770790303802e-03
1.651248956035601678e-02
1.859325309560575998e-02
-1.073571449125419524e-03
1.067297157251844569e-02
9.505237514384316539e-04
1.248707266072293653e-02
7.604232123984097126e-03
7.688308742134893937e-03
-9.112393187743471692e-03
1.664364535307956763e-02
2.288429038182028877e-02
2.205608964198214547e-02
2.765468723247949817e-02
4.257032553220085891e-02
3.899274486870910744e-02
3.454384649716948918e-02
2.850081545600365376e-02
2.687681289807725138e-02
1.863792340982357160e-02
3.912771031541292105e-02
5.594592477874823708e-03
1.527189621487653678e-02
6.707343598024064456e-03
1.092743986951217466e-02
3.825316393443262131e-02
4.680477245603918007e-02
5.333248951324934956e-02
8.399959048752911328e-02
1.198918393670534432e-01
8.421340756494773150e-02
5.896845378798032389e-02
6.075651890530527760e-02
3.210546776698548072e-02
1.784306231596062900e-02
2.820206340243144177e-02
3.033024794701579679e-02
2.020987014798426504e-03
1.273843876599206181e-03
4.583142191013457774e-03
2.998730480490521474e-02
1.051961146504680131e-02
1.608360255798831420e-02
5.883924731428966451e-03
-1.192738903531781643e-02
6.352059377369877712e-03
1.277186814483374268e-02
8.663890254975686878e-03
2.113560848573316220e-02
2.235725377165402681e-03
1.367948042041438640e-02
1.869418196595214535e-02
2.937755598314055645e-03
6.289525930379531683e-04
2.395310082981353533e-02
1.772993401793727464e-03
-4.670807468744772942e-03
-1.562377949467593733e-03
3.095198157840672176e-02
4.044857164856865972e-02
3.553289733454336602e-02
1.018775309784909419e-02
4.762970292426144982e-03
1.873192191115196845e-02
2.439111817883523117e-02
-1.590732970502006533e-03
1.153665820656871351e-02
2.769519069674626979e-02
2.298726455907890154e-02
1.500659745400570108e-02
-7.325374697736209903e-03
2.570101676394197579e-02
5.727353473364393821e-03
5.091791523603670863e-03
2.619450395988099159e-02
2.902468947132857881e-03
5.149629336400954153e-03
7.308992647548164662e-03
9.590621705555390716e-03
2.296178850149774298e-02
2.746947283411611818e-02
3.416651050203590306e-02
9.472238254606332990e-04
2.652199071877857361e-02
8.001270155004373830e-02
3.607523093600922132e-02
4.511465219878520172e-02
4.859679313245815480e-02
7.722259853127341755e-02
9.064092891859455714e-02
7.102449769529005363e-02
3.147344998000300292e-02
2.933345811614108956e-02
2.135777221982599131e-02
5.584128358541641524e-03
1.787569291055562948e-02
-2.580890439423803515e-03
2.163608144034605274e-02
2.387668332270907398e-02
7.319180711977745640e-03
3.287114521944874135e-02
2.872531337756898187e-02
2.390359776923109414e-02
1.082966131814957350e-01
1.831505995362852357e-01
1.575615189224129353e-01
1.017245568760524049e-01
7.409408544552024273e-03
2.007375133011914115e-02
2.284168891683064501e-02
1.493137632742028501e-02
8.522119264131010341e-03
-4.980608741347453128e-03
2.102065438700144451e-02
2.652998924054210741e-02
1.770192761366812945e-02
7.868992782536157402e-03
4.157114678972674907e-03
7.503386835796689580e-03
4.025567934514790933e-03
4.017075733231130485e-02
2.198382294053276981e-02
4.406215023757449785e-03
7.917334119733393169e-04
-2.008611320466208031e-04
-1.461756583125009687e-03
1.109526463114349042e-02
1.818659595348441627e-02
1.633949211690377198e-02
1.284249592499462495e-02
3.748509072263362090e-03
6.275834301781200823e-03
2.003019110941127098e-02
1.006044263270315479e-02
3.523101794553484475e-03
2.189732377926040252e-02
-1.047436798358659243e-02
2.084339086310248168e-02
1.710590481060014767e-02
1.308970229736795138e-02
3.447983765046040011e-02
1.498657426502240616e-04
-1.915957929599647683e-02
1.595013794555976208e-02
1.558031441362383272e-02
2.361069467316880693e-02
4.422694968379479487e-03
-1.275923676737543248e-02
9.464999887875510942e-03
1.725920473174563305e-02
1.975522006197603583e-02
1.367187114264994605e-02
5.766480566666537522e-03
2.300028561254141709e-04
1.004472876033498871e-02
1.074170828421708822e-02
2.046862336382553743e-02
1.261111390285863179e-02
1.832090218338943560e-02
5.798419290578918535e-03
8.789931595087388180e-03
4.735699661287747636e-02
4.473792054059522183e-02
1.291694673789468492e-02
1.182214966874320546e-02
-6.524142898708650169e-03
6.174369241714188460e-03
1.992948269513627590e-03
2.531921056702206643e-02
8.220865952707200400e-03
5.649116398322928494e-03
7.705578810762950086e-03
-4.427415191457835346e-03
2.433533445706698162e-02
1.778231251718718001e-02
2.050360900549173110e-02
-4.021757117080993274e-03
1.735112358517766282e-02
1.223232337234569055e-02
7.460498695047791326e-03
3.029183518742179643e-02
4.709040250783409765e-02
6.990364476897388546e-02
6.542519714999810165e-02
1.783650114621791044e-02
1.066161814897092011e-02
2.008862208424038592e-03
2.026775874317237811e-02
2.162838553703138461e-02
8.478695412351402658e-03
1.613314181361180655e-02
-8.557110256653357354e-04
1.512378430240857857e-02
3.835070342316155428e-02
5.578205456502644682e-02
8.052475054156295331e-02
1.442328703508051202e-01
2.499113935466207859e-01
1.138059692004072199e+00
2.000000000000000000e+00
9.271658794811430404e-01
9.431398543537904133e-02
4.501506038292896195e-02
2.891106837413586275e-02
9.431803277632873350e-02
2.112353288439313415e-01
1.286844185673645391e-01
1.817999822207870889e-02
1.432006699961442184e-02
3.311454852682835931e-02
2.553175754687594251e-02
2.287412647236455182e-02
1.701299994679331129e-02
9.905372987144821575e-03
6.129138515110972227e-03
1.741214604786399736e-02
6.761503501639429953e-03
-3.174021075366440046e-03
1.868460534590176553e-02
1.839947128166980611e-02
2.172057174285734263e-02
1.487073118322921987e-02
1.674951869491059925e-02
6.467849239110917171e-03
1.074614611673420025e-02
1.558128238067725546e-02
5.253839146658840185e-03
9.229717206573012298e-03
1.310934440579807590e-02
1.445262255556975690e-02
1.804104648257643870e-02
2.377027263334754656e-02
2.224720174525965030e-02
1.623494631641543909e-02
1.259081585035519944e-02
1.090884992557113013e-02
7.347112040159300625e-03
1.606442541261018930e-02
2.679814947908949752e-02
2.270781838721269708e-02
2.257892689683638557e-02
2.612824165397209519e-02
3.977018953231794413e-02
2.337049846938011807e-02
2.103822797716054308e-02
2.434493438669955295e-02
2.016424770891070764e-02
1.730693137484424354e-02
8.270880771403223836e-03
1.352511816927281889e-02
2.315319395189859714e-02
8.241814273956140843e-03
2.011330548415949835e-04
9.013289016979529611e-03
1.381238662573683849e-02
1.537459235494060064e-02
1.100873097164621096e-02
1.307086854022074252e-02
1.863497235642076061e-02
7.146179156065502434e-03
1.277827453487837515e-02
1.696472424985352723e-02
1.846615800380288497e-02
1.840134259661202823e-02
2.210487086538528642e-02
1.305597809416243760e-02
1.507625972388546183e-02
1.121399979844461305e-02
1.746762641007072736e-02
2.228422942829488829e-02
2.010438718580019948e-02
1.417156612291725105e-02
2.420163997546197904e-02
3.143381967574775115e-02
4.036648990733917447e-02
5.905704772844037193e-02
3.654136865372365622e-02
2.718892190833467268e-02
3.005070730671975318e-02
9.616349891242685285e-03
2.920463981365085861e-04
4.614695684385776984e-05
8.217952586211826850e-05
2.172112254611953722e-04
3.938889808230996531e-05
2.533527048030092453e-05
2.155990985375536290e-06
5.313021760958827688e-06
-5.738783320545547476e-05
-2.400537501933698006e-04
4.131338816417950955e-04
1.678627087688566071e-04
-6.674688012387521752e-06
4.822304864914246284e-05
2.271905696479589422e-05
5.379854877957788062e-06
2.549005259621650808e-06
-8.659965684867450381e-06
-1.021822819637046008e-05
-7.763754091103044640e-05
-5.545618350173549352e-05
1.351668462245412725e-04
6.569141521580342251e-05
1.552452329473986569e-04
9.350479020060012503e-06
-1.606434483092388326e-05
-1.532239610076576254e-06
-1.235732231576772914e-04
-8.535093042094756336e-05
2.847897429303639029e-04
1.732252079889108121e-04
1.971194412121433191e-05
1.000844190846250005e-05
9.846113202447949862e-06
8.864958916711633332e-06
7.358900821839017771e-06
6.324788640183077140e-06
3.439644598441799956e-06
-2.941919505536794927e-06
2.208468440946661367e-06
-7.279098073357220648e-05
-1.419571228728493054e-05
1.791726079779572430e-04
5.308557792977389281e-05
-1.046997812615807772e-05
3.185751155347884064e-05
