     2.66594471131059        0.603953414622029         0.00000000000000    
     2.72699575318883        0.888892699462889E-01     492.407178268944    
     2.73503593377128        0.108450111374602E-29     557.255254756682    
     2.78458749866768        0.821140398162645E-02     956.913401428607    
     2.81746486106766        0.309199487600741E-31     1222.08576786568    
     2.81968558517215        0.888227536326861E-03     1239.99701813039    
     2.85665135663707        0.424835351846053E-03     1538.14444788075    
     2.87529346951918        0.676330906667386E-30     1688.50240933138    
     2.87775329173854        0.140430188960762         1708.34210544165    
     2.91313701587268        0.136233612417851E-04     1993.72953244554    
     2.91380174689425        0.335916342667212E-30     1999.09092050002    
     2.91456967588663        0.171512848116155E-31     2005.28465178805    
     2.93138960324223        0.647054240225908E-03     2140.94577587468    
     2.93614273920266        0.699579998319256E-26     2179.28219396350    
     2.93627038260274        0.386569243751409E-01     2180.31170180682    
     2.94429756895100        0.264579297642939E-30     2245.05497329875    
     2.96523669007989        0.131687307308419E-29     2413.93945476377    
     2.96813047695934        0.421623662539456E-06     2437.27929284003    
     2.98932502780127        0.523437633714562E-02     2608.22394265561    
     2.99323199061978        0.974464706502022E-02     2639.73555126825    
     3.00861819231329        0.315804171847780E-04     2763.83296102731    
     3.01463523906598        0.144577664511509E-04     2812.36345161109    
     3.02821529888782        0.130015954103111E-02     2921.89342410412    
     3.04997948969753        0.225218215887069E-02     3097.43250507986    
     3.05743467873058        0.267854210006399E-04     3157.56233222594    
     3.06575760786917        0.107507672064710E-02     3224.69091719324    
     3.08725169494137        0.986487303092085E-02     3398.05147647409    
     3.09499819000446        0.253830172603068E-05     3460.53083240543    
     3.10750276373069        0.614914628133653E-03     3561.38647179436    
     3.11531218727730        0.202572625626433E-04     3624.37337740947    
     3.12337465018317        0.407637637888427E-04     3689.40117197677    
     3.13765085469273        0.106140914624416E-04     3804.54589944864    
     3.14115477485589        0.413757167890822E-03     3832.80676752462    
     3.14590709372898        0.652394360550116E-02     3871.13659539556    
     3.16315158350893        0.246013196010991E-06     4010.22202771571    
     3.17602089549303        0.715816368109683E-05     4114.01946352346    
     3.17944030011755        0.211526503277683E-03     4141.59867152256    
     3.18859837962316        0.179309366612946E-05     4215.46316177503    
     3.20046748315544        0.201702880548575E-03     4311.19341631462    
     3.20274212579418        0.257457431218966E-02     4329.53954651742    
     3.21893376050549        0.784682325183103E-04     4460.13317628145    
     3.23073770682861        0.876033038490496E-04     4555.33790535061    
     3.23622772112808        0.100713355733632E-02     4599.61761568301    
     3.25867968219320        0.572554976622446E-03     4780.70390765373    
     3.26874712169287        0.177601471467227E-03     4861.90284093826    
     3.27449288144519        0.170170670859034E-02     4908.24526622059    
     3.28969597606468        0.760281868012703E-04     5030.86582587411    
     3.30046384630707        0.765982316841692E-04     5117.71408331409    
     3.31548618263118        0.504701283012362E-03     5238.87673693623    
     3.32991974007504        0.566358898172976E-03     5355.29059449969    
     3.34580115596921        0.802916697478703E-03     5483.38215439413    
     3.35340185755077        0.135144368798271E-02     5544.68561300019    
     3.36450616582042        0.198500375435318E-03     5634.24741134905    
     3.38610572520564        0.387093893551610E-02     5808.45865757053    
     3.40204233869555        0.917656964637641E-02     5936.99541367337    
     3.41390772627868        0.794272054303182E-03     6032.69569722510    
     3.42736779914163        0.157431716652599E-01     6141.25791490128    
     3.43536347578362        0.160728900175138E-01     6205.74704485720    
     3.44916707621291        0.981670466857801E-02     6317.07998411970    
     3.46659895153868        0.444597792624084E-02     6457.67677455964    
     3.48594783208646        0.158276902773630E-02     6613.73517061776    
     3.50102611852677        0.153024550156392E-02     6735.34908990214    
     3.51920944058591        0.317988542797339E-03     6882.00667397008    
     3.53103341561737        0.528102740852215E-03     6977.37294458637    
     3.55050520856369        0.609468400185514E-03     7134.42269059490    
     3.56352354283170        0.407672801595670E-03     7239.42206563352    
     3.58480579046090        0.244976901657554E-03     7411.07403388684    
     3.60416779144493        0.504141079258891E-03     7567.23825282354    
     3.61605931616070        0.802465495750775E-03     7663.14934541853    
     3.63646953945560        0.156553856237273E-02     7827.76800140357    
     3.65384840718047        0.103795563786210E-02     7967.93725903850    
     3.66657207803528        0.506548726180337E-03     8070.56002631802    
     3.68478014414463        0.251398595594925E-03     8217.41718352298    
     3.69715633323898        0.126053651646021E-03     8317.23733666346    
     3.72266726951915        0.225099005152160E-04     8522.99579323111    
     3.74358003924663        0.396134695274634E-04     8691.66773746817    
     3.76201631395163        0.308051189036097E-04     8840.36551110129    
     3.78381853755572        0.257853714152304E-04     9016.21134558012    
     3.80667485935583        0.257668637649345E-04     9200.55900905887    
     3.82255241551690        0.978659021041072E-04     9328.61943827597    
     3.85019665928397        0.980232748807502E-04     9551.58408637933    
     3.85982323282973        0.824972378997162E-04     9629.22721531264    
     3.88672185601097        0.313241986770703E-04     9846.17806058090    
     3.89945629092201        0.344349207507902E-04     9948.88764535592    
     3.92905591488327        0.118888498993191E-04     10187.6234124154    
     3.94483210412537        0.919339251470322E-05     10314.8662667476    
     3.96849984136231        0.113893834628779E-04     10505.7584014322    
     3.98954662324655        0.641206594051418E-05     10675.5112207195    
     4.00926949049008        0.586414566947083E-05     10834.5860064722    
     4.03532325609022        0.149462590600484E-04     11044.7226529201    
     4.05667940715047        0.511253164779333E-05     11216.9706892966    
     4.07249128295042        0.101770980879485E-04     11344.5013735610    
     4.09730418352061        0.464339262390850E-05     11544.6298231099    
     4.12099521313154        0.306382502521294E-05     11735.7098224369    
     4.14202987765502        0.236632048469152E-05     11905.3649091510    
     4.16962163235710        0.120175828926756E-05     12127.9062067006    
     4.18683850935878        0.976145963531406E-06     12266.7689281576    
     4.21376850939222        0.546425098835319E-06     12483.9728434274    
     4.24120465692712        0.835388211049135E-06     12705.2590913701    
     4.26662719932020        0.652586660292861E-06     12910.3046070415    
     4.28502966541901        0.457418498834563E-06     13058.7296973615    
     4.30894000108040        0.157019947645402E-06     13251.5785096384    
     4.33813943377007        0.175868962703318E-06     13487.0865339969    
     4.35768619606539        0.135761117221930E-06     13644.7409452899    
     4.38923397798860        0.115338386528671E-06     13899.1895803915    
     4.40764303180889        0.466394112904818E-07     14047.6678039790    
     4.43745475867535        0.471241260141695E-07     14288.1142870205    
     4.46268953796171        0.729129132138230E-07     14491.6453993546    
     4.48622012112830        0.267643043150584E-07     14681.4313178848    
     4.50948388122197        0.344217728296401E-07     14869.0651749202    
     4.53807789512537        0.157021283553588E-07     15099.6901940581    
     4.56571380603808        0.178835649034506E-07     15322.5876335245    
     4.59424986518926        0.869088026547236E-08     15552.7452186084    
     4.61647366810350        0.106734320115952E-07     15731.9913010132    
     4.64363148335482        0.486451987503723E-08     15951.0326599227    
     4.67409489264314        0.517674866513322E-08     16196.7352875377    
     4.69729873034042        0.384390639083663E-08     16383.8858404851    
     4.72293436961817        0.367939302140241E-08     16590.6500890798    
     4.75237285492745        0.140602480033735E-08     16828.0861923418    
     4.78448437323546        0.170107856300532E-08     17087.0816432551    
     4.80954823884746        0.608588335890223E-09     17289.2342513486    
     4.83544001431991        0.857150041171240E-09     17498.0643664216    
     4.86323099556299        0.226038488065792E-09     17722.2125256377    
     4.89318007747379        0.388253301968450E-09     17963.7668457893    
     4.92852890531544        0.235166627846100E-09     18248.8728167461    
     4.94760517536047        0.169639200050749E-09     18402.7324727943    
     4.98552508394398        0.782603943371516E-10     18708.5754954746    
     5.00818482916427        0.853695315865744E-10     18891.3376705489    
     5.04252889265579        0.763825543041628E-10     19168.3397146397    
     5.06792726614543        0.252545901695377E-10     19373.1902960204    
     5.10287858868318        0.269458317210730E-10     19655.0901879486    
     5.12651415811626        0.185415173174389E-10     19845.7228732111    
     5.15771825905149        0.188425034478299E-10     20097.3995493042    
     5.18666128170116        0.697737639413189E-11     20330.8394984851    
     5.21854681474298        0.910519136291128E-11     20588.0122652340    
     5.25611255718304        0.505664853050136E-11     20890.9987608843    
     5.27846287810528        0.374620187244677E-11     21071.2652742826    
     5.31572424969415        0.218835577643066E-11     21371.7968668326    
     5.34074026602191        0.141830659383997E-11     21573.5635465242    
     5.37308878094494        0.173333060895993E-11     21834.4704936358    
     5.40439199636886        0.540345648692688E-12     22086.9465776375    
     5.43719148748514        0.639220422233552E-12     22351.4908732358    
     5.47188196040296        0.350590678127215E-12     22631.2868825545    
     5.49758953079011        0.268043195659974E-12     22838.6312915121    
     5.53657279417722        0.164963499410570E-12     23153.0508023608    
     5.56348305905929        0.754322908026047E-13     23370.0955437671    
     5.59542737629822        0.118109361964878E-12     23627.7424344577    
     5.63224399773178        0.342102209656119E-13     23924.6868946301    
     5.65892604572558        0.356461489094684E-13     24139.8909527241    
     5.69720659333843        0.327358800504251E-13     24448.6427094955    
     5.72764947318448        0.112444895085571E-13     24694.1797568939    
     5.76169558372141        0.122187353379864E-13     24968.7786614295    
     5.79760701744078        0.716791937279947E-14     25258.4223300931    
     5.82557138054013        0.513720913545841E-14     25483.9689006708    
     5.86414990973928        0.361508671816530E-14     25795.1240279266    
     5.89645481968134        0.156282144930116E-14     26055.6792790643    
     5.92643991847579        0.203180342162577E-14     26297.5240933910    
     5.96668816325276        0.915414507680784E-15     26622.1463116396    
     5.99589192905210        0.496251369284151E-15     26857.6892846941    
     6.02994831838970        0.597663755008551E-15     27132.3710928966    
     6.06912063102846        0.236908176532470E-15     27448.3153804845    
     6.09896103733973        0.171301343719808E-15     27688.9931775880    
     6.13628100521478        0.147349848365252E-15     27989.9973784842    
     6.17158551237107        0.663055450642889E-16     28274.7458809533    
     6.20274373263949        0.516804384602435E-16     28526.0525065282    
     6.24410104586815        0.401034524040035E-16     28859.6199163740    
     6.27649473923197        0.170919667572352E-16     29120.8912501999    
     6.30903161970931        0.146840294068545E-16     29383.3174596899    
     6.35081518932581        0.110637915465510E-16     29720.3228404318    
     6.38464347353627        0.458838296935077E-17     29993.1648667312    
     6.41738217834330        0.403710860176700E-17     30257.2188903523    
     6.45770409955204        0.273114958731329E-17     30582.4353458614    
     6.49187369731081        0.138244098381576E-17     30858.0302365848    
     6.52563863465980        0.110535224361690E-17     31130.3613387731    
     6.56761345247773        0.694161907805498E-18     31468.9092318835    
     6.60020566683370        0.369892762372281E-18     31731.7817367716    
     6.63470588971099        0.284678202415749E-18     32010.0432843885    
     6.67758972596828        0.193930919941042E-18     32355.9228657216    
     6.71274111355884        0.890396836400614E-19     32639.4363823333    
     6.74577985963471        0.697901219418131E-19     32905.9103888082    
     6.78689127451524        0.486554013591819E-19     33237.4945055271    
     6.82491007382486        0.248682356792946E-19     33544.1351313588    
     6.85791870524431        0.167684617003198E-19     33810.3662480724    
     6.89917630602378        0.120495915299150E-19     34143.1294271593    
     6.93736345223845        0.650500749933587E-20     34451.1278549537    
     6.97100809395283        0.384590854848396E-20     34722.4887127010    
     7.01107606676136        0.315999196520768E-20     35045.6569473882    
     7.05223909203797        0.166459966752044E-20     35377.6573277567    
     7.08764410534167        0.891657514341189E-21     35663.2164625577    
     7.12393003750839        0.708951121208363E-21     35955.8806484484    
     7.16565275174345        0.450582513490623E-21     36292.3952001112    
     7.20408140393668        0.214429216203320E-21     36602.3414943757    
     7.24014447575072        0.161001158304449E-21     36893.2082000918    
     7.27963262273536        0.108142986114169E-21     37211.6998495965    
     7.32162081472199        0.540667639967564E-22     37550.3556120647    
     7.35635443423728        0.358157524859442E-22     37830.4996202652    
     7.39498427352808        0.246500007542498E-22     38142.0685890651    
     7.43774339195530        0.145042415324691E-22     38486.9422587400    
     7.47740071164967        0.790486381758341E-23     38806.7983707349    
     7.51244281805419        0.521474136751950E-23     39089.4304799405    
     7.55397371650785        0.330286999780144E-23     39424.3979414185    
     7.59502496291098        0.210000127793195E-23     39755.4967692830    
     7.63299241971173        0.103931697527105E-23     40061.7232921094    
     7.67208966143243        0.781680830045810E-24     40377.0620952077    
     7.71371461850727        0.472053242111159E-24     40712.7881864948    
     7.75485670710254        0.252034889770185E-24     41044.6197020600    
     7.79248261666220        0.149729150115447E-24     41348.0914756134    
     7.83094608237232        0.110301003991366E-24     41658.3185582984    
     7.87387903875802        0.585169541180707E-25     42004.5943180272    
     7.91546375072856        0.372673813874388E-25     42339.9958124256    
     7.95301593211443        0.201591535407657E-25     42642.8729313934    
     7.99471843931207        0.136365069215308E-25     42979.2245031959    
     8.03616057762977        0.812062804155416E-26     43313.4760697974    
     8.07645506730960        0.441706581577646E-26     43638.4712763101    
     8.11524692713515        0.268461066850945E-26     43951.3470217330    
     8.15565663366420        0.190620998130095E-26     44277.2715097430    
     8.19849997098396        0.981202635654613E-27     44622.8244468955    
     8.24122468842455        0.624679306002844E-27     44967.4206554127    
     8.27954996399442        0.339864770692916E-27     45276.5331655214    
     8.32168444190383        0.218633301922114E-27     45616.3687970998    
     8.36314913403671        0.132104855792819E-27     45950.8022714975    
     8.40419414327997        0.734235456480306E-28     46281.8507935490    
     8.44431389797917        0.426502258938592E-28     46605.4366750755    
     8.48480959670797        0.296554331118332E-28     46932.0547331725    
     8.52743766229618        0.154144239076384E-28     47275.8713961743    
     8.57135256922483        0.100396554729177E-28     47630.0670780073    
     8.61133809057012        0.516704312843691E-29     47952.5703004178    
     8.65324400327391        0.328830059037521E-29     48290.5624393302    
     8.69476750518642        0.199497732486207E-29     48625.4702440055    
     8.73690791612224        0.113375224493927E-29     48965.3537284083    
     8.77865668643001        0.630193686128395E-30     49302.0784353257    
     8.81859315150482        0.418322502662505E-30     49624.1859943866    
     8.86049619771409        0.220911418645949E-30     49962.1550135874    
     8.90438105213245        0.152110099734326E-30     50316.1083068987    
     8.94682239626051        0.756418918997755E-31     50658.4189679636    
     8.98900890273042        0.468621702858739E-31     50998.6742358966    
     9.03055638131809        0.276402370326328E-31     51333.7754244455    
     9.07278818109206        0.162948697908964E-31     51674.3960055225    
     9.11660115577772        0.911503564237415E-32     52027.7695528496    
     9.15729739083201        0.557461339435329E-32     52356.0050366800    
     9.19934090220172        0.284376425720649E-32     52695.1069776324    
     9.24050387947534        0.206881426687996E-32     53027.1069708328    
     9.28443757090412        0.107321801256516E-32     53381.4541590516    
     9.32733969312921        0.647365179112093E-33     53727.4812258581    
     9.37007548700077        0.366446799137495E-33     54072.1667713292    
     9.41116143292822        0.211872299616669E-33     54403.5454682070    
     9.45554271047026        0.126403905753832E-33     54761.5026622224    
     9.49736987138484        0.736930987681989E-34     55098.8596285789    
     9.54283018332041        0.388834681629511E-34     55465.5197744952    
     9.58233216251182        0.241029649698088E-34     55784.1229876635    
     9.62509613860454        0.140123967440832E-34     56129.0358368393    
     9.66747932115775        0.828650086572885E-35     56470.8773957223    
     9.71157470814723        0.500937517547971E-35     56826.5287394859    
     9.75361982331561        0.251251471630250E-35     57165.6436158765    
     9.79659108957937        0.163063407787667E-35     57512.2283639269    
     9.83754181311344        0.887105203255363E-36     57842.5164245909    
     9.88377892125594        0.554762482347401E-36     58215.4418203143    
     9.92653830349941        0.296070689005737E-36     58560.3176177989    
     9.96902827538017        0.173263513864806E-36     58903.0204860032    
     10.0112135604497        0.964572997092133E-37     59243.2659027318    
     10.0528182120933        0.639567431444125E-37     59578.8282205632    
     10.0975587327432        0.310372035344176E-37     59939.6828898645    
     10.1404384640177        0.208977219216278E-37     60285.5293624589    
     10.1828244663294        0.949871876586685E-38     60627.3936641042    
     10.2247391231603        0.695129120164451E-38     60965.4563287740    
     10.2685828498731        0.379556869526381E-38     61319.0779065763    
     10.3117163240493        0.216877544467222E-38     61666.9709425438    
     10.3573946699596        0.124607273412807E-38     62035.3896414832    
     10.3967599368495        0.679566309637340E-39     62352.8902015841    
     10.4412845675997        0.385656887631072E-39     62712.0036109001    
     10.4819926255539        0.253867449179237E-39     63040.3344523297    
     10.5296585027560        0.125145100389294E-39     63424.7835849028    
     10.5701242850375        0.746879486821422E-40     63751.1603518942    
     10.6119451883680        0.455547807392219E-40     64088.4668477065    
     10.6543644957251        0.247483061472909E-40     64430.5997711951    
     10.6983611594610        0.172442566042921E-40     64785.4548625575    
     10.7416249230122        0.741827147353692E-41     65134.3987474791    
     10.7857789082304        0.487806976495886E-41     65490.5227152570    
     10.8242204727916        0.254512857260474E-41     65800.5731542253    
     10.8704906244420        0.172382270458933E-41     66173.7650623612    
     10.9133825992181        0.965879536901917E-42     66519.7102849183    
     10.9552893056553        0.531095881524425E-42     66857.7088256873    
     10.9993041587367        0.273523685032917E-42     67212.7106232156    
     11.0375479761434        0.201454288448209E-42     67521.1661325092    
     11.0839742299378        0.883403632643829E-43     67895.6170824876    
     11.1265539741229        0.705950183603864E-43     68239.0440092123    
     11.1703522251335        0.270077788811876E-43     68592.2988027387    
     11.2099424708582        0.197133742548151E-43     68911.6139296309    
     11.2540739174163        0.123671803243882E-43     69267.5561118455    
     11.2968926688043        0.561245708826017E-44     69612.9107511659    
     11.3423794463792        0.418666673147892E-44     69979.7843556961    
     11.3793928605554        0.208826754933012E-44     70278.3160477343    
     11.4234399274522        0.107869954906278E-44     70633.5776657900    
     11.4646433677052        0.842213398873613E-45     70965.9040131511    
     11.5104227219809        0.306394945223130E-45     71335.1373950616    
     11.5497276530381        0.252869188548658E-45     71652.1513165033    
     11.5909498099239        0.157435729014247E-45     71984.6286228655    
     11.6335049895214        0.761678270772721E-46     72327.8574239092    
     11.6789239780696        0.519196644522204E-46     72694.1842760452    
     11.7161921682655        0.247663971891778E-46     72994.7708640697    
     11.7644420728765        0.121182646266479E-46     73383.9304697098    
     11.7998510533437        0.112146327525056E-46     73669.5216016680    
     11.8464891925754        0.424897893231231E-47     74045.6815136413    
     11.8854814457200        0.312832233247869E-47     74360.1735313787    
     11.9257191991454        0.209445718267031E-47     74684.7111316319    
     11.9721808194921        0.776696379019953E-48     75059.4473305382    
     12.0131233890306        0.682541306072696E-48     75389.6696251506    
     12.0501486111685        0.345593522232956E-48     75688.2965543038    
     12.0946306850599        0.154368917975494E-48     76047.0667212752    
     12.1354059347198        0.130844784332970E-48     76375.9394974072    
     12.1751491638180        0.675331194135691E-49     76696.4885116983    
     12.2208416223248        0.376036257000473E-49     77065.0210357850    
     12.2565661617335        0.257325491634683E-49     77353.1573083859    
     12.3009277761563        0.119216556683394E-49     77710.9559095130    
     12.3395239594599        0.675859159861582E-50     78022.2534259485    
     12.3795926894452        0.603778075630327E-50     78345.4277676446    
     12.4236063494935        0.198165826152945E-50     78700.4199427639    
     12.4615071188652        0.176931892693565E-50     79006.1085981316    
     12.4999261992521        0.992853001232598E-51     79315.9776909921    
     12.5427379215914        0.418298485267310E-51     79661.2756375202    
     12.5867966933264        0.383917355393076E-51     80016.6316609481    
     12.6238107759775        0.165442794700551E-51     80315.1687445706    
     12.6636377709288        0.111825395229884E-51     80636.3933723505    
     12.7074892982941        0.786597657148136E-52     80990.0778663158    
     12.7442979608836        0.332175860232639E-52     81286.9581344314    
     12.7808329451348        0.162088320459161E-52     81581.6310499093    
     12.8278117185184        0.132849020481990E-52     81960.5383466347    
     12.8668655313676        0.694517653253862E-53     82275.5268741697    
     12.9037030313884        0.611958961812718E-53     82572.6397305874    
     12.9405295400870        0.305120341719142E-53     82869.6639364963    
     12.9804208774380        0.110605989052082E-53     83191.4075179005    
     13.0203012693120        0.953571722585837E-54     83513.0628185607    
     13.0611447028091        0.470006708659026E-54     83842.4855314312    
     13.0979130314782        0.374092977577671E-54     84139.0404863115    
     13.1395243896208        0.191666831622162E-54     84474.6568954107    
     13.1723841698518        0.154980230856660E-54     84739.6874528640    
     13.2081320356565        0.771003333879735E-55     85028.0118645118    
     13.2496400951557        0.314770683374558E-55     85362.7951184031    
     13.2911897968097        0.276416167724222E-55     85697.9142370933    
     13.3277242433942        0.126042441553966E-55     85992.5828160206    
     13.3713073453199        0.134851457948957E-55     86344.1023246024    
     13.4033167893186        0.358972135672969E-56     86602.2744951734    
     13.4439995898440        0.300845002711694E-56     86930.4016228113    
     13.4773111129565        0.306648631619668E-56     87199.0757124751    
     13.5149500880137        0.751667588949177E-57     87502.6528657990    
     13.5549118209222        0.700788236252782E-57     87824.9642225728    
     13.5902028217227        0.405703312818706E-57     88109.6037895285    
     13.6226827286637        0.258569599936810E-57     88371.5704789614    
     13.6626938253666        0.136923870072848E-57     88694.2799794189    
     13.6947054420776        0.135818054663436E-57     88952.4696740012    
     13.7426009236629        0.276983859326790E-58     89338.7706807277    
     13.7755379967220        0.605549693579821E-58     89604.4246434860    
     13.8085290957345        0.405444035579451E-58     89870.5143525711    
     13.8381884625773        0.681832799278505E-59     90109.7319758420    
     13.8767584650355        0.827884826970202E-59     90420.8183306683    
     13.9150332181653        0.284739724127012E-59     90729.5233520365    
     13.9474374041245        0.207286296591708E-59     90990.8793138905    
     13.9923751880753        0.315237970954904E-59     91353.3250103457    
     14.0241677494278        0.124520750506743E-59     91609.7479139340    
     14.0652551567922        0.418194355034708E-60     91941.1383980322    
     14.0857634570966        0.394762249149641E-60     92106.5480941369    
     14.1283982900821        0.715458632264342E-61     92450.4193395817    
     14.1722619082050        0.185437754269466E-60     92804.2013515518    
     14.2019539819471        0.210556270155504E-60     93043.6827723188    
     14.2162451909222        0.144402091398913E-60     93158.9485183072    
     14.2669406497288        0.401080311785689E-61     93567.8327413121    
     14.2926093164439        0.570353429679097E-62     93774.8633727030    
     14.3278417703590        0.691864638808642E-62     94059.0307297553    
     14.3681010261809        0.618905589601978E-62     94383.7417575864    
     14.4007356811420        0.593347292603978E-62     94646.9565671750    
     14.4228435061265        0.131927452626487E-61     94825.2672295878    
     14.4630109293338        0.293425132794344E-62     95149.2375814661    
     14.4909274950354        0.206019996893669E-63     95374.3986421327    
     14.5365290221388        0.115576640589377E-63     95742.1977589848    
     14.5618452253378        0.205791863287863E-63     95946.3855958868    
     14.5982998059542        0.199540798713811E-63     96240.4100158482    
     14.6163278590709        0.568141233720413E-63     96385.8152782608    
     14.6489459528521        0.167428639862927E-63     96648.8965136532    
     14.6814543939687        0.860627191213135E-65     96911.0933454791    
     14.7214766657092        0.786279695026153E-65     97233.8929782018    
     14.7498718080069        0.200549034926909E-63     97462.9139984042    
     14.7886333045900        0.751958161823082E-65     97775.5448490947    
     14.8052968283829        0.232100825965170E-64     97909.9445002465    
     14.8374704993509        0.744224940847197E-65     98169.4412434395    
     14.8585169064489        0.297652798505160E-65     98339.1910398884    
     14.9097033463373        0.807824105957018E-66     98752.0352708078    
     14.9431937045721        0.445110351186233E-66     99022.1517551506    
     14.9586851539112        0.953829196446726E-65     99147.0980397955    
     14.9855592870097        0.274543175547952E-65     99363.8513603015    
     15.0040541578877        0.298093811473271E-66     99513.0217413674    
     15.0451953656788        0.101441989071454E-66     99844.8461528065    
     15.0614684486275        0.979328221258091E-67     99976.0967033295    
     15.0969754365954        0.462083075517091E-67     100262.478314785    
     15.1330761683150        0.170826814596281E-67     100553.648766469    
     15.1517612681022        0.517477029887039E-66     100704.353438803    
     15.1816449486078        0.516510831521940E-67     100945.380263921    
     15.2010021601821        0.316773293637677E-68     101101.505853873    
     15.2384918325192        0.306499661693110E-68     101403.878806108    
     15.2564389151619        0.131544548328429E-68     101548.631001163    
     15.3102264062418        0.244577550740659E-68     101982.454010468    
     15.3282025600443        0.109540938794062E-67     102127.440678962    
     15.3404138758416        0.144364660215071E-67     102225.931046525    
     15.3591051660407        0.921597455908989E-69     102376.685647626    
     15.3900611856530        0.124228702731280E-68     102626.361423809    
     15.4168640316288        0.961712884259031E-70     102842.539778026    
     15.4312234977078        0.291496552047500E-70     102958.356051687    
     15.4737185480670        0.662977957931521E-70     103301.099880359    
     15.4920955146121        0.143493252133333E-70     103449.319304028    
     15.5210901337664        0.108507560478680E-68     103683.175404817    
     15.5454675319146        0.404440209068155E-71     103879.791309582    
     15.5648684151903        0.184086491325507E-70     104036.269133641    
     15.5880598174718        0.429650979430890E-71     104223.319388743    
     15.6057617587006        0.827224040405900E-71     104366.094395725    
     15.6291787967161        0.372136316389778E-70     104554.964515838    
     15.6527010526682        0.126114154227185E-71     104744.683271220    
     15.6734107969266        0.819366315972245E-72     104911.717713536    
     15.6952563212450        0.150867985612057E-70     105087.912789926    
     15.7096650132192        0.303677088195136E-70     105204.126095044    
     15.7197187435202        0.478460100157695E-71     105285.214456786    
     15.7390673704882        0.193935292442004E-72     105441.270807597    
     15.7729849368261        0.104092341028957E-72     105714.832938895    
     15.7897471277208        0.644568333705336E-74     105850.028389557    
     15.8027279488569        0.468719317285008E-73     105954.725202430    
     15.8178538827957        0.130754047581367E-74     106076.723422613    
     15.8491082459439        0.121958112637500E-74     106328.805488585    
     15.8747823181425        0.394717956591457E-73     106535.879717903    
     15.8892181181872        0.102963596669272E-73     106652.311663163    
     15.9024437605248        0.601174675722350E-73     106758.983081437    
     15.9117113435006        0.152264752144055E-71     106833.730771929    
     15.9238386253842        0.332746063838164E-73     106931.543363960    
     15.9310398710639        0.259434598568930E-73     106989.625010991    
     15.9520597791901        0.571763030499520E-74     107159.161079982    
     15.9673312448441        0.185651175814384E-72     107282.333086214    
     15.9795832967095        0.294043401579370E-77     107381.152010535    
     15.9875392700232        0.516483873441868E-75     107445.320913297    
     16.0162181326947        0.340396548962137E-76     107676.630280174    
     16.0212265972960        0.431604744924920E-74     107717.026051415    
     16.0351130410244        0.124919588018371E-74     107829.027163307    
     16.0593359850877        0.377098426202083E-79     108024.397318649    
     16.0988922700726        0.189621368525681E-74     108343.438535195    
     16.1071832772697        0.186660810514048E-80     108410.309653743    
     16.1117492670453        0.696630739154626E-77     108447.136644279    
     16.1435062948864        0.943640267586629E-75     108703.272952331    
     16.1599273708606        0.275475383095747E-73     108835.717140601    
     16.1775619392454        0.287934021006447E-80     108977.948751908    
     16.2153596111718        0.227887306811367E-81     109282.805874831    
     16.2830263202893        0.102297926854713E-78     109828.571717218    
     16.3202645149005        0.126066531754369E-77     110128.916375855    
     16.3350417186077        0.587080213835997-102     110248.101912355    
     16.3359458088530        0.529429991567537E-79     110255.393852228    
     16.3437836428782        0.275135417914875E-77     110318.609902559    
     16.3755591886891        0.137878425260314E-76     110574.895567296    
     16.3820470917447        0.208866584838451E-76     110627.223749391    
     16.3942713389649        0.915283820154151-105     110725.818415346    
     16.4143334065844        0.115622455506261E-78     110887.629021731    
     16.4204427974879        0.984829987869635E-76     110936.904314063    
     16.4207069154652        0.100054409075478E-99     110939.034557609    
     16.4410850913050        0.980853064555856-106     111103.394734845    
     16.4611034259220        0.407274518497817E-77     111264.852612698    
     16.4748857676709        0.127004295218300-105     111376.014090074    
     16.4823849531435        0.128647793347606E-75     111436.498770503    
     16.4861765729413        0.298397030309275-106     111467.080079983    
     16.5481081490838        0.106742021927186E-85     111966.589207360    
     16.6638125442614        0.152389091596920-106     112899.803006664    
     16.7426713971963        0.413363343712069E-84     113535.839085011    
     16.7794207307929        0.653271801431066-139     113832.240835135    
     16.8015638703294        0.270903616462429-111     114010.836327067    
     16.8466830893451        0.380416417068691E-82     114374.745388038    
     16.8810775507416        0.301917896786058-108     114652.153916431    
     16.9063520588764        0.895883211463888E-81     114856.005461792    
     16.9223614145164        0.198320289760754-106     114985.128919706    
     16.9309236775001        0.812843733323329E-79     115054.187851801    
     16.9411182824655        0.283405251956187-107     115136.412438150    
