     2.18246307512473        0.680615136694126         0.00000000000000    
     2.24648202380231        0.531327910841079E-01     516.344830559014    
     2.31349264156463        0.132007124399394E-02     1056.81896812099    
     2.31531763207039        0.626539980440038E-34     1071.53842904517    
     2.31534616048288        0.186027248966271E-28     1071.76852495612    
     2.31688465697580        0.269060313045717E-36     1084.17726841978    
     2.37612866405251        0.321897091310097E-04     1562.00980749697    
     2.38518088095493        0.651675005400432E-03     1635.02046292348    
     2.40755221811662        0.207815498469516         1815.45648280109    
     2.44224156946439        0.237861136639274E-06     2095.24344609646    
     2.44224488131032        0.323710231966542E-28     2095.27015778981    
     2.45744794755894        0.245999316380937E-28     2217.89048861807    
     2.45791820653156        0.465453725072964E-03     2221.68336236177    
     2.46474213016855        0.859445381313157E-01     2276.72171845587    
     2.51059096673534        0.446953433282954E-05     2646.51550978533    
     2.51865009964191        0.686440200573705E-04     2711.51644624331    
     2.53063215676095        0.748482147638131E-02     2808.15772793690    
     2.53168703338167        0.403230385888769E-03     2816.66583532136    
     2.57939680418653        0.221051341431201E-05     3201.46899174795    
     2.58864287552504        0.223809390052778E-02     3276.04318012869    
     2.60033189467011        0.199795728050243E-01     3370.32096404320    
     2.60685097070090        0.576222047150162E-06     3422.90057176961    
     2.61059698175086        0.140633020758558E-02     3453.11402389303    
     2.62835594475462        0.166114086598369E-01     3596.34893999984    
     2.64813671300329        0.211940698810651E-04     3755.89072630953    
     2.65417973699278        0.223943796923573E-03     3804.63073629674    
     2.65569954494129        0.777243836563565E-04     3816.88874730546    
     2.66291941118178        0.493666787266632         3875.12057846813    
     2.66605813754642        0.295273653848437E-02     3900.43597596215    
     2.67233672536924        0.118822100158042E-02     3951.07592604706    
     2.67494672092542        0.111181149906229E-01     3972.12684520544    
     2.68313962662107        0.671970498988503E-03     4038.20672609371    
     2.70790892352951        0.200754958567083E-06     4237.98349030876    
     2.72110169471087        0.227180401425236         4344.38978627202    
     2.72548672110177        0.506541690791380         4379.75721662781    
     2.73057887967004        0.881729966392766E-01     4420.82802156018    
     2.74243552195157        0.953268042962743E-02     4516.45776988189    
     2.74846052105289        0.752995411044824E-01     4565.05240013357    
     2.75921685555498        0.859549650048270E-04     4651.80761606016    
     2.79217136108612        0.220829406428352E-02     4917.60218042153    
     2.79403664057404        0.986751617616045E-03     4932.64659213135    
     2.81421970225799        0.155786587931908E-01     5095.43307614332    
     2.81735093194880        0.362733175240409E-01     5120.68800921451    
     2.83203868862742        0.472151406157567E-02     5239.15211070590    
     2.84155773696390        0.138787715776895E-02     5315.92799506378    
     2.86226675344043        0.434224900403337E-02     5482.95656745523    
     2.87777217235939        0.271564648905855E-01     5608.01552374614    
     2.88483967824275        0.697828083436338E-01     5665.01849244836    
     2.90146128734280        0.345889478894321E-01     5799.08008064481    
     2.91344104955376        0.181871712978898E-01     5895.70285275735    
     2.93315522958392        0.185564866890881E-01     6054.70757179061    
     2.94182797949890        0.110117934414980         6124.65763622988    
     2.95098997845434        0.505073740246760E-01     6198.55373880495    
     2.97025443206418        0.427177140083720E-01     6353.93118939509    
     2.99850008586847        0.196374013919503E-02     6581.74651015360    
     3.01022952225269        0.501996098749659E-02     6676.35027931053    
     3.03012533345892        0.496295825234439E-02     6836.81994459442    
     3.03880541275447        0.173024905754448E-02     6906.82912415263    
     3.06163654463601        0.961155854499379E-03     7090.97361834321    
     3.08313483090697        0.754072863708832E-03     7264.36804626163    
     3.09772583639150        0.513900198787949E-02     7382.05180099712    
     3.11380210429648        0.475872291808607E-02     7511.71493978473    
     3.13440406897544        0.603786715011245E-03     7677.88008590286    
     3.15709795492240        0.225773960392436E-02     7860.91762300807    
     3.17182065351879        0.108187512743099E-01     7979.66354853726    
     3.18723773567369        0.108551701748948E-01     8104.01002465763    
     3.19407185664458        0.106107843001814E-01     8159.13062734831    
     3.22715870081367        0.722846621891893E-03     8425.99256899409    
     3.24620747449215        0.653570722746041E-03     8579.63045309787    
     3.26827271273117        0.201497839338408E-03     8757.59763211469    
     3.28479652398314        0.204045204964864E-03     8890.87043176749    
     3.31395868375670        0.565369465230397E-03     9126.07783142111    
     3.33127391484662        0.351518344071328E-03     9265.73382777688    
     3.35267303060906        0.137629701154915E-03     9438.32839595887    
     3.37408982244753        0.490483419071955E-03     9611.06553053205    
     3.39234317367039        0.298430290808470E-03     9758.28793482001    
     3.42483085109966        0.955819211925260E-03     10020.3172971257    
     3.43118394527087        0.201663581078734E-02     10071.5581781637    
     3.45748989981775        0.232295831439894E-03     10283.7288545615    
     3.48099020647565        0.720117165495258E-04     10473.2705779108    
     3.50292490567831        0.494700574178642E-04     10650.1848943299    
     3.52848098217260        0.694899421105844E-04     10856.3074292945    
     3.54922238110772        0.265199138378609E-04     11023.5971824058    
     3.58160010119381        0.241329267046961E-04     11284.7396837601    
     3.60341462682488        0.644647271476374E-04     11460.6847402375    
     3.62185006615791        0.830212848743925E-04     11609.3757761781    
     3.64922268990606        0.943138399384279E-05     11830.1496730188    
     3.67491692958749        0.203335076742274E-03     12037.3865631694    
     3.69436268554382        0.196077412328792E-04     12194.2263078352    
     3.71278265442741        0.291085011404304E-04     12342.7925668657    
     3.74496437035006        0.774772061072647E-05     12602.3541966399    
     3.76753147390238        0.400364333697657E-05     12784.3691703411    
     3.80075349878241        0.472553391438676E-05     13052.3214120110    
     3.82199510337814        0.220014031735552E-05     13223.6455738778    
     3.85759845852497        0.147934693336783E-04     13510.8044348146    
     3.88258564091262        0.112629586827379E-05     13712.3385543622    
     3.91020233989490        0.973874562009101E-05     13935.0810400038    
     3.93792999077495        0.409523226271439E-05     14158.7184081768    
     3.94995109963731        0.496511099734694E-05     14255.6746617062    
     3.97862683791834        0.570916234158559E-06     14486.9588288119    
     4.01880018144897        0.328982462858868E-06     14810.9769310582    
     4.04291168572751        0.873200258414795E-06     15005.4482688167    
     4.06494358221247        0.241776226471806E-06     15183.1465299161    
     4.10208390799484        0.109906411799943E-05     15482.7018275138    
     4.13228230863614        0.514209707150830E-06     15726.2670278862    
     4.14712173939984        0.206613062136591E-06     15845.9544567108    
     4.18558487279633        0.777433722979340E-06     16156.1788591203    
     4.20403507997542        0.781791132616659E-07     16304.9890051233    
     4.23907524576978        0.362006410447551E-07     16587.6054623376    
     4.28406674933105        0.107725118459003E-06     16950.4844343110    
     4.29760823230864        0.343173326925894E-07     17059.7032652668    
     4.33815002566546        0.598109643332976E-07     17386.6930995862    
     4.36772800080215        0.648577267306865E-07     17625.2542580512    
     4.39149152032370        0.168678335130449E-07     17816.9189247522    
     4.42920099349214        0.510767185406784E-07     18121.0646805923    
     4.45239171698223        0.676721970631499E-08     18308.1094609016    
     4.47987430108007        0.469036150111920E-08     18529.7702429428    
     4.52805756450032        0.980296252754893E-08     18918.3923540588    
     4.55522760956700        0.391241943644442E-08     19137.5323525441    
     4.57960998410861        0.289843152976828E-08     19334.1883944095    
     4.61313272716083        0.537417809087859E-08     19604.5660784971    
     4.63925809881696        0.125015338161149E-08     19815.2802635897    
     4.67494058602585        0.315916088825113E-08     20103.0773641730    
     4.71468270011591        0.828496859380445E-09     20423.6173853663    
     4.75625911537987        0.380900232752791E-09     20758.9519626778    
     4.78107222329476        0.463379634564351E-09     20959.0820845654    
     4.80715842371979        0.460169195399318E-09     21169.4803340935    
     4.85225893182840        0.311994254624726E-09     21533.2384822434    
     4.87345657684041        0.175843978255387E-09     21704.2080880878    
     4.91479436759945        0.196836167862351E-09     22037.6180394548    
     4.94906051586974        0.630395785077266E-10     22313.9916583288    
     4.97858519799222        0.461332644411502E-10     22552.1229819877    
     5.01032012629686        0.267975483703346E-10     22808.0810462288    
     5.04456313661205        0.511353454437847E-10     23084.2680459259    
     5.08838631910933        0.143890021608582E-10     23437.7239243578    
     5.11126900348651        0.184192166083035E-10     23622.2842152019    
     5.15295478832361        0.131638271296393E-10     23958.5009128056    
     5.18437374492562        0.534636241137520E-11     24211.9105072791    
     5.22225080272250        0.487729220773021E-11     24517.4079169398    
     5.25579833546977        0.167443175184451E-11     24787.9855423129    
     5.28936067276982        0.348827882936700E-11     25058.6825738064    
     5.33540555770798        0.138561541390028E-11     25430.0575932752    
     5.36357004527531        0.929725118076870E-12     25657.2182677495    
     5.40248828135999        0.906954408874740E-12     25971.1133008905    
     5.43533750407604        0.278539213889602E-12     26236.0587067068    
     5.47292838665127        0.379739208905639E-12     26539.2479701173    
     5.52087464747344        0.177917488328726E-12     26925.9585367785    
     5.54565314330818        0.126544661260968E-12     27125.8094949336    
     5.58711647735546        0.108235297355093E-12     27460.2320156919    
     5.62309667480410        0.469592346397645E-13     27750.4302982139    
     5.65744222000310        0.562106084268472E-13     28027.4442930165    
     5.70784787026608        0.249469241557162E-13     28433.9910652125    
     5.73636081952678        0.110932098264890E-13     28663.9622574747    
     5.77655457234616        0.146109611225804E-13     28988.1449708394    
     5.81991213248467        0.680324709845322E-14     29337.8453721365    
     5.85098529813452        0.465098551051184E-14     29588.4659896855    
     5.89579339062020        0.404773393235632E-14     29949.8656596286    
     5.93022529345928        0.118011852050378E-14     30227.5761719773    
     5.96515811550605        0.160762856098428E-14     30509.3268481955    
     6.01241095092343        0.959856141930563E-15     30890.4445922544    
     6.04702430799681        0.421824937324053E-15     31169.6186237297    
     6.08477691143834        0.478126312518694E-15     31474.1122467874    
     6.13667527604190        0.282645751750622E-15     31892.6985064974    
     6.17069866634104        0.860527068256582E-16     32167.1141609551    
     6.20807986571569        0.109328416423979E-15     32468.6122245114    
     6.25526344427449        0.640437663280352E-16     32849.1713773774    
     6.29021748618169        0.293404830909269E-16     33131.0932023799    
     6.33057932568347        0.310157553468343E-16     33456.6316188815    
     6.38075792521356        0.160383775733390E-16     33861.3471133914    
     6.41282038554183        0.727987190592293E-17     34119.9468871691    
     6.45322691011152        0.691059869031904E-17     34445.8457110859    
     6.50221863025674        0.426013585486766E-17     34840.9884299172    
     6.53591115791714        0.151144987436378E-17     35112.7355117621    
     6.57336618296238        0.211149083220757E-17     35414.8290162645    
     6.62684370515030        0.993940393148632E-18     35846.1519714712    
     6.66235149756097        0.521813426276676E-18     36132.5400711594    
     6.70122286627462        0.412881646774379E-18     36446.0570955194    
     6.75039537899894        0.269435954508954E-18     36842.6579968974    
     6.79023174625531        0.102539454695235E-18     37163.9582170037    
     6.82553348491826        0.111964984634104E-18     37448.6843901897    
     6.87561401823131        0.580727155714922E-19     37852.6089316261    
     6.92284047527658        0.320842589429649E-19     38233.5139209248    
     6.95357094739337        0.183025476668041E-19     38481.3705437827    
     6.99846153658689        0.199202956432820E-19     38843.4355909230    
     7.05357403761007        0.738956167815613E-20     39287.9454679255    
     7.08829713581763        0.464508357763959E-20     39568.0046165186    
     7.13030563302177        0.316358591558451E-20     39906.8241507186    
     7.18014071671930        0.205799031273780E-20     40308.7690182810    
     7.22547487217699        0.892513295450842E-21     40674.4116491250    
     7.25868489648551        0.741780029133110E-21     40942.2671001853    
     7.30840266496135        0.399415566046612E-21     41343.2657618272    
     7.35956877362412        0.293476816521613E-21     41755.9460112468    
     7.40330422194863        0.134178338053219E-21     42108.6942697082    
     7.43385027891058        0.116289677475407E-21     42355.0634921348    
     7.49171602532189        0.653326762045433E-22     42821.7796698152    
     7.53376984400652        0.290771130432631E-22     43160.9647444160    
     7.57445476872799        0.161315945125386E-22     43489.1090047571    
     7.61787561474423        0.134382662180443E-22     43839.3198383011    
     7.67044538268603        0.863726522583345E-23     44263.3213016357    
     7.71537581824915        0.293695032669103E-23     44625.7077296700    
     7.75639790034053        0.189634447985001E-23     44956.5713327780    
     7.79852878294956        0.196420142782126E-23     45296.3779664612    
     7.84948405239432        0.151172744812386E-23     45707.3576921678    
     7.90050167537781        0.331634428482996E-24     46118.8403303412    
     7.93659575031731        0.391667683694669E-24     46409.9570917658    
     7.98621034414247        0.177101513419663E-24     46810.1235982626    
     8.03410877567128        0.122436364244834E-24     47196.4483977582    
     8.08305757164914        0.554483819727933E-25     47591.2449117176    
     8.11799575649126        0.377131547102895E-25     47873.0388415617    
     8.16932669422285        0.179587004191162E-25     48287.0485198358    
     8.22050122040426        0.165344155381185E-25     48699.7966607521    
     8.27157385672610        0.117624975563273E-25     49111.7230090059    
     8.30686163184728        0.299659730011102E-26     49396.3365592457    
     8.35754644367872        0.357300117728864E-26     49805.1349090722    
     8.40774186934053        0.131221230997839E-26     50209.9861147475    
     8.45402914999145        0.101700346911367E-26     50583.3161768375    
     8.49922331893627        0.401868641076079E-27     50947.8297464620    
     8.53901316196484        0.358532682022519E-27     51268.7547254089    
     8.59385208808612        0.126532213435295E-27     51711.0580840400    
     8.64676470927343        0.120397686099477E-27     52137.8248302263    
     8.69627519509603        0.844957116353132E-28     52537.1516536285    
     8.72751978828826        0.303321162367946E-28     52789.1549200204    
     8.78504835307952        0.261026974620684E-28     53253.1515593443    
     8.83534169200564        0.894509754036505E-29     53658.7924844530    
     8.88020194469898        0.832272191296788E-29     54020.6128525511    
     8.92775940639759        0.286390369942780E-29     54404.1875598812    
     8.96770285108636        0.246118979654173E-29     54726.3514130185    
     9.02369200761847        0.813003327770063E-30     55177.9319550282    
     9.07679956157130        0.853839449840672E-30     55606.2709314348    
     9.12725239764878        0.654499363647956E-30     56013.1982808177    
     9.16146744448277        0.164212719539331E-30     56289.1597410573    
     9.21583297756677        0.179279684245441E-30     56727.6449481463    
     9.27022279861429        0.609221181485239E-31     57166.3260498050    
     9.31160288292272        0.606015795448916E-31     57500.0771197946    
     9.36596414363371        0.203870313997497E-31     57938.5278680591    
     9.40312007613008        0.126913125686587E-31     58238.2090416086    
     9.45915406949549        0.486399126145546E-32     58690.1512150973    
     9.50971098235430        0.582291831747868E-32     59097.9179957600    
     9.56065713411331        0.481407874171389E-32     59508.8241827723    
     9.60904255379703        0.728934896238886E-33     59899.0767852314    
     9.64995537496239        0.107529227804402E-32     60229.0591443406    
     9.71063765601605        0.480077846970974E-33     60718.4920821789    
     9.74694862803516        0.346122182870563E-33     61011.3582269991    
     9.80622132418724        0.153453096841287E-33     61489.4221578137    
     9.84931257447676        0.476559202421140E-34     61836.9746370237    
     9.90370745013514        0.288632396039799E-34     62275.6965066464    
     9.94617989495121        0.353953743706695E-34     62618.2580103105    
     9.99337445564892        0.308833446608162E-34     62998.9057396178    
     10.0595822442745        0.697167400405771E-35     63532.9046587777    
     10.0938202490814        0.381601713773553E-35     63809.0512865478    
     10.1516643188287        0.421038166732071E-35     64275.5926310944    
     10.1906347795763        0.126298175830977E-35     64589.9088822545    
     10.2432260500925        0.953976493038755E-36     65014.0837746026    
     10.2980763187428        0.224451088999256E-36     65456.4786164014    
     10.3552674044656        0.251033630965376E-36     65917.7533182986    
     10.3968856577322        0.172550236128296E-36     66253.4253400207    
     10.4294109255464        0.142633058690087E-36     66515.7578875762    
     10.4983238350758        0.550010909580339E-37     67071.5749593853    
     10.5502315739343        0.158736727997549E-37     67490.2368271489    
     10.5898136564574        0.283094157050445E-37     67809.4861137384    
     10.6458845663910        0.566128471248087E-38     68261.7260378084    
     10.6839547449053        0.407438847131743E-38     68568.7810626150    
     10.7439785994625        0.119439018115631E-38     69052.9034615464    
     10.7957507255331        0.180472649858009E-38     69470.4715443688    
     10.8460969988411        0.146866933277151E-38     69876.5394117341    
     10.8933248733425        0.193956007709404E-39     70257.4558335250    
     10.9349466482509        0.305561552068881E-39     70593.1562590492    
     11.0016412507710        0.183585431720198E-39     71131.0815756746    
     11.0318353474822        0.989656812171244E-40     71374.6120626992    
     11.0931804333870        0.419474475104786E-40     71869.3908530643    
     11.1395003107783        0.103004856794306E-40     72242.9838241637    
     11.1976964979269        0.777152126377824E-41     72712.3651716106    
     11.2360642569945        0.963031141503855E-41     73021.8203323708    
     11.2804672682407        0.835575513223959E-41     73379.9528195769    
     11.3507831679594        0.211828634237190E-41     73947.0857087578    
     11.3896345136202        0.655337003836533E-42     74260.4412371848    
     11.4408249575881        0.156776760985536E-41     74673.3177630083    
     11.4871051320625        0.229358971123916E-42     75046.5905102317    
     11.5319107043980        0.219765522388140E-42     75407.9698539033    
     11.5911289436238        0.464042781812018E-43     75885.5945623795    
     11.6479318367333        0.749592439930379E-43     76343.7382967539    
     11.6940066729153        0.524302828670885E-43     76715.3548879795    
     11.7226334292872        0.217025362881367E-43     76946.2439914978    
     11.7862717820629        0.138627916531425E-43     77459.5191258096    
     11.8488768069148        0.525485607155272E-44     77964.4599537528    
     11.8771011494066        0.798489580239565E-44     78192.1033881205    
     11.9408145024233        0.151323711600356E-44     78705.9834368764    
     11.9774876510627        0.648417202382822E-45     79001.7707172275    
     12.0381762399986        0.247034630682070E-45     79491.2545312905    
     12.0848920652327        0.478002140640533E-45     79868.0410197157    
     12.1340106312549        0.365830648420164E-45     80264.2068139681    
     12.1907327639490        0.473684297541758E-46     80721.6991752118    
     12.2231800014463        0.625984858418975E-46     80983.4023692462    
     12.2920564875238        0.665903183951060E-46     81538.9256677045    
     12.3215274791989        0.173837648589273E-46     81776.6239510605    
     12.3797700730517        0.988947867128846E-47     82246.3795917800    
     12.4278186820431        0.199468317829405E-47     82633.9156476001    
     12.4870594693259        0.182079108907769E-47     83111.7222174298    
     12.5223424669528        0.242756952892999E-47     83396.2972347897    
     12.5664314873507        0.201055893183192E-47     83751.8972288087    
     12.6351241516789        0.488141803466128E-48     84305.9379129474    
     12.6699773311256        0.151991045315168E-48     84587.0462317750    
     12.7245863505085        0.477839010603222E-48     85027.4952776078    
     12.7666743745620        0.526860297862042E-49     85366.9562356112    
     12.8144158531232        0.527866517426882E-49     85752.0151309463    
     12.8668909872783        0.102553077678501E-49     86175.2533254747    
     12.9266209073309        0.148863872100122E-49     86657.0049956590    
     12.9596634931068        0.109260379494803E-49     86923.5099712343    
     12.9966081492543        0.109787501926606E-49     87221.4870953924    
     13.0687967881255        0.321060877605753E-50     87803.7245622078    
     13.1117460259913        0.661751575928242E-51     88150.1316402142    
     13.1543228628540        0.306689772181879E-50     88493.5351179304    
     13.2035689277627        0.247956260694664E-51     88890.7292544518    
     13.2443086114637        0.281205759918323E-51     89219.3151733419    
     13.3067634198598        0.522378712027153E-52     89723.0444304604    
     13.3557263346496        0.941187483425449E-52     90117.9548196977    
     13.3879255671600        0.647010570212516E-52     90377.6577295102    
     13.4250337531874        0.652638242942731E-52     90676.9538039147    
     13.4968402560293        0.173454774312822E-52     91256.1091525855    
     13.5398552689447        0.295722706284211E-53     91603.0467392549    
     13.5811110044378        0.208740162652362E-52     91935.7948738749    
     13.6234648455509        0.152918059204860E-53     92277.3997793724    
     13.6695401121376        0.172426274799650E-53     92649.0198420276    
     13.7156621729038        0.174831588497585E-54     93021.0173231372    
     13.7805669862345        0.404835270169169E-54     93544.5070950555    
     13.8105535118095        0.580822687029797E-54     93786.3634170810    
     13.8516894370477        0.416072968164253E-54     94118.1452220893    
     13.9210155068962        0.801559413853961E-55     94677.2946384531    
     13.9438223319452        0.294157623725708E-55     94861.2430858859    
     14.0090680862992        0.118728426727026E-54     95387.4827176280    
     14.0454398094315        0.161873586076544E-55     95680.8388505512    
     14.0878641765185        0.118444309186280E-55     96023.0125832916    
     14.1228781444695        0.225874991643504E-56     96305.4177418003    
     14.1987272989515        0.102923367073897E-56     96917.1790972749    
     14.2306755004295        0.346224843876945E-56     97174.8573162958    
     14.2767993207730        0.196939273072318E-56     97546.8689892761    
     14.3041455070273        0.107538774924779E-56     97767.4296545099    
     14.3580614565998        0.518523673087956E-57     98202.2887457874    
     14.4302691115679        0.311064670848634E-57     98784.6795869325    
     14.4423675451090        0.459226161933251E-57     98882.2595026583    
     14.5049964737346        0.273124417569384E-58     99387.3931264876    
     14.5494090653110        0.536367382893000E-58     99745.6028838477    
     14.5721787216649        0.102031547725058E-58     99929.2515471694    
     14.6414254859645        0.952397049119888E-59     100487.761324628    
     14.6637977919494        0.158074757640044E-58     100668.205158549    
     14.7083043132544        0.110271570401682E-58     101027.172506135    
     14.7609075771366        0.863186701912215E-60     101451.444130977    
     14.8119757246697        0.341697026340772E-59     101863.334274905    
     14.8638557624069        0.398522062152062E-59     102281.772719274    
     14.8777006148567        0.794285136030319E-60     102393.438376708    
     14.9339025851848        0.854552044023864E-61     102846.735368390    
     14.9686076865890        0.239720691678756E-61     103126.649363765    
     15.0179663800288        0.359964123868782E-61     103524.751905703    
     15.0770589683952        0.534942472426826E-61     104001.363177173    
     15.1013463226614        0.131935681649350E-60     104197.252833007    
     15.1587546026912        0.336552426617193E-61     104660.279315587    
     15.1690720869769        0.227235553452796E-61     104743.494985094    
     15.2223643024138        0.854946760768720E-63     105173.323348700    
     15.2913929928829        0.199305987054822E-61     105730.074251679    
     15.3016532850498        0.988481498490280E-62     105812.828638151    
     15.3332922173498        0.502908331951182E-63     106068.012446616    
     15.3933351835188        0.435810844319099E-63     106552.288990253    
     15.4293806306182        0.344210501035601E-64     106843.013543832    
     15.4842479049436        0.320190707131667E-64     107285.545544904    
     15.5112466666318        0.358664566344124E-63     107503.304057300    
     15.5449138557610        0.280824041058711E-64     107774.846771222    
     15.5753176999644        0.549302683987951E-63     108020.068976644    
     15.6207208636908        0.541644815464869E-65     108386.268193679    
     15.6734320238385        0.854173088353057E-66     108811.410055851    
     15.7227448453497        0.171194160780746E-63     109209.142617750    
     15.7405889858257        0.194416775706773E-65     109353.064532759    
     15.7921819556479        0.761062197564153E-65     109769.187630860    
     15.8270932289387        0.102820417881611E-66     110050.764505587    
     15.8672023496979        0.537324001582219E-67     110374.264619070    
     15.9120857958208        0.944130917494724E-67     110736.272053774    
     15.9389629064941        0.212637900366373E-65     110953.049389909    
     15.9762708857428        0.288290601303052E-67     111253.956896540    
     16.0077514591084        0.136949605617147E-66     111507.863461021    
     16.0579521380950        0.231961642504758E-68     111912.757037387    
     16.1020133703111        0.276561977411353E-68     112268.132905826    
     16.1363246789492        0.684517665006331E-68     112544.870765646    
     16.1531350410601        0.329772253079395E-67     112680.454741252    
     16.2068536536709        0.636844367996617E-66     113113.722211264    
     16.2260551751832        0.208262911733165E-68     113268.592083021    
     16.2741271065912        0.591003809559389E-70     113656.316245793    
     16.3157104484460        0.140152887983523E-69     113991.706689522    
     16.3591946673158        0.481012580517670E-69     114342.428656817    
     16.3724308539458        0.318300677308719E-69     114449.185120081    
     16.4214879863750        0.802185663354348E-68     114844.855421689    
     16.4367557854433        0.793980839874441E-70     114967.997855075    
     16.4913624616518        0.112738008874750E-71     115408.428002034    
     16.5286233587648        0.470136678789213E-71     115708.955767699    
     16.5638514563493        0.594250243190258E-71     115993.087988767    
     16.5852410969460        0.106812732909665E-70     116165.606134999    
     16.6165279173921        0.199266765681353E-70     116417.949985308    
     16.6331066704870        0.131369642799499E-69     116551.665918394    
     16.6678368701906        0.305422855611188E-72     116831.782344104    
     16.7089825324178        0.135432496166968E-72     117163.642682798    
     16.7452775008603        0.110676997651226E-72     117456.379750771    
     16.7931661540696        0.337518224490094E-72     117842.625683230    
     16.8161004752894        0.345897094148178E-72     118027.602451028    
     16.8433454179445        0.252549285230257E-71     118247.346536013    
     16.8644359507270        0.741466418103134E-73     118417.452228170    
     16.8982228459832        0.470237253691073E-74     118689.960431859    
     16.9409107506765        0.139852476073618E-74     119034.259727163    
     16.9675583595817        0.112083259086181E-74     119249.186016788    
     17.0065100660023        0.812152896363607E-74     119563.351004923    
     17.0244981906156        0.760886240886017E-74     119708.434223992    
     17.0544821733603        0.464932370107441E-73     119950.270036819    
     17.0668973821578        0.325990368140443E-74     120050.404903375    
     17.1129232947479        0.253873812951167E-75     120421.626901371    
     17.1423011125951        0.442035302130973E-76     120658.573691217    
     17.1626744961535        0.507909310036267E-76     120822.895216307    
     17.1996920384915        0.529571841774652E-76     121121.460204035    
     17.2216594834246        0.148765001993907E-75     121298.638631142    
     17.2423566506515        0.672127282158690E-76     121465.571633411    
     17.2670339951553        0.103796875031454E-74     121664.606755507    
     17.3011369814914        0.856403701418860E-78     121939.664391800    
     17.3305218439709        0.552268297160364E-78     122176.668000129    
     17.3706318861492        0.773897296464431E-78     122500.175545317    
     17.3972063732185        0.170021617013353E-77     122714.512070776    
     17.4191157130470        0.192163995467645E-77     122891.221851162    
     17.4374196450454        0.151262711103779E-77     123038.852214695    
     17.4604360169124        0.108674002697777E-77     123224.490761989    
     17.4817288956256        0.154958586011097E-76     123396.228475249    
     17.4920234621967        0.375115511333812E-77     123479.259301929    
     17.5160783347566        0.219808659760905E-79     123673.273876561    
     17.5506643352658        0.751630229451370E-79     123952.227263668    
     17.5854227997317        0.256856371533591E-78     124232.571658818    
     17.5969052417173        0.160829999102998E-79     124325.183294652    
     17.6274753633057        0.240282203573087E-79     124571.746610324    
     17.6465195866019        0.656199671242197E-80     124725.347793319    
     17.6771602848071        0.351392440459604E-79     124972.480344693    
     17.6874513490611        0.934911431777866E-80     125055.482923434    
     17.7059309795885        0.726703052047150E-80     125204.530383453    
     17.7271556850072        0.467178422666740E-79     125375.718245007    
     17.7314289806476        0.196369963680139E-78     125410.184510995    
     17.7625087894143        0.522070610707994E-82     125660.858708603    
     17.7867394090668        0.443974141731484E-82     125856.290771410    
     17.8015557783664        0.162614139383663E-82     125975.792197996    
     17.8311389658981        0.924725339691481E-81     126214.395397033    
     17.8421822780686        0.154760959021831E-82     126303.465231343    
     17.8653358753909        0.918637874795432E-83     126490.210570547    
     17.8878635797261        0.408721917799647E-82     126671.907769862    
     17.8930014422801        0.104851308382551E-81     126713.347200292    
     17.9121977073767        0.139443561855514E-82     126868.174676428    
     17.9193977120595        0.206667611404178E-82     126926.246314197    
     17.9386089129399        0.449318358882233E-82     127081.194254899    
     17.9470361403588        0.260990443152227E-84     127149.164057645    
     17.9707213082236        0.157422461601026E-81     127340.196779059    
     17.9747782211633        0.947283784035764E-83     127372.917810374    
     17.9837953287601        0.552566568631236E-83     127445.645291696    
     18.0062774128895        0.518352488188819E-82     127626.974541242    
     18.0118425832544        0.914002716244628E-86     127671.860422820    
     18.0168516510056        0.320930832909820E-85     127712.261058767    
     18.0314030166843        0.141507984878455E-81     127829.625098649    
     18.0355410760470        0.243130971670324E-84     127863.000616439    
     18.0435596532312        0.102053273359164E-80     127927.674450718    
     18.0722746705548        0.633092845902482E-85     128159.275422941    
     18.1086894314160        0.510533402899646E-84     128452.978676667    
     18.1283810603309        0.890307866098146E-87     128611.801509681    
     18.1416025351630        0.927129508669426E-84     128718.439314939    
     18.1923351624722        0.456584933139265E-86     129127.623320501    
     18.2025215852664        0.965519846520721E-92     129209.781913548    
     18.2309992653518        0.148503974438591E-110     129439.468642277    
     18.2331536355818        0.373928960650782E-85     129456.844715367    
     18.2654599450649        0.422234745799014E-85     129717.411254503    
     18.2662743308889        0.125657291235977E-110     129723.979683366    
     18.3035887895935        0.659203587576309E-109     130024.939450047    
     18.3036103902669        0.553064654101059E-85     130025.113670279    
     18.3260294410837        0.589342837106845E-90     130205.934524642    
     18.3460600142445        0.239499213319061E-85     130367.491112470    
     18.3503436182750        0.242182234191884E-111     130402.040520779    
     18.3906529395882        0.931478402858748E-85     130727.155351830    
     18.4048511911688        0.728531825177786E-89     130841.671349954    
     18.4058924617100        0.122288348969813E-114     130850.069717503    
     18.4365258468951        0.244573649856479E-85     131097.143285714    
     18.4832331083391        0.488511188532239E-84     131473.860702891    
     18.4869235832646        0.521582583112011E-88     131503.626228402    
     18.4869264691058        0.593214696333423E-109     131503.649504154    
     18.5756266536020        0.702108734339461E-87     132219.060842208    
