0  0  0   0.000000    0.016510    0.016510    0.025100
0  0  2   0.013934    0.045142    0.016822   -0.009800
0  0  4   0.002806   -0.006620    0.002897   -0.001681
0  0  6   0.000300    0.000875   -0.001012    0.002396
0  0  8  -0.000247    0.000000    0.000352   -0.000428
0  0  10 -0.000193    0.000000   -0.000179    0.000000
0  0  12  0.000054    0.000000    0.000029    0.000000
0  1  0   0.000000    0.000000    0.000000    0.027935
0  1  2  -0.009425   -0.007036   -0.006844   -0.010733
0  1  4  -0.002384   -0.001210   -0.003028    0.002348
0  2  0   0.203581    0.194396    0.194396    0.029348
0  2  2  -0.000371   -0.001367   -0.000531   -0.015925
0  2  4   0.001172    0.000524    0.001498    0.004875
0  3  0  -0.204617   -0.197035   -0.197035    0.026770
0  3  2   0.000000    0.000000    0.000000   -0.021701
0  4  0   0.145850    0.141075    0.141075    0.001494
0  4  2   0.000000    0.000000    0.000000    0.029492
0  5  0  -0.087104   -0.086296   -0.086296    0.000000
0  6  0   0.028498    0.029161    0.029161    0.000000
1  0  0   0.000000    0.000000    0.000000    0.088556
1  0  2  -0.081190    0.009860   -0.036974   -0.041524
1  0  4   0.015419   -0.008416    0.005976    0.007530
1  0  6   0.000000    0.002292    0.000000   -0.000418
1  1  0  -0.009662   -0.013160   -0.013160    0.099424
1  1  2   0.004743    0.008966    0.006758   -0.038887
1  1  4   0.000000    0.000000    0.000000    0.003485
1  2  0   0.003571   -0.001392   -0.001392    0.080625
1  2  2   0.000000    0.000000    0.000000   -0.036385
1  3  2   0.000000    0.000000    0.000000   -0.037340
1  4  0   0.002657    0.004530    0.004530    0.145896
2  0  0   0.496940    0.349848    0.349848    0.087208
2  0  2   0.006086   -0.010125    0.010234   -0.094402
2  0  4   0.002218   -0.006406    0.000000    0.020685
2  0  6   0.000000    0.000559    0.000000    0.000000
2  1  0  -0.003339   -0.000841   -0.000841    0.045985
2  1  2   0.000000    0.000000    0.000000    0.004079
2  2  0  -0.009689   -0.003317   -0.003317    0.063163
2  2  2   0.000000    0.000000    0.000000   -0.122617
2  3  0   0.005814    0.006335    0.006335   -0.094891
2  4  0   0.000000    0.000000    0.000000    0.505790
3  0  0  -0.529991   -0.377162   -0.377162   -0.065146
3  0  2   0.000000    0.000000    0.000000    0.089371
3  0  4   0.000000    0.006195    0.000000    0.000000
3  1  0  -0.001059    0.005030    0.005030   -0.237550
3  1  2   0.000000    0.000000    0.000000    0.179463
3  2  0   0.006881    0.010107    0.010107   -0.017434
3  3  0   0.000000    0.000000    0.000000    0.172504
4  0  0   0.346540    0.229692    0.229692   -0.119423
4  0  2   0.000000    0.000000    0.000000    0.468146
4  1  0   0.003133    0.005369    0.005369    0.190006
4  2  0   0.000000    0.000000    0.000000   -0.352089
5  0  0  -0.181338   -0.126530   -0.126530    0.311135
5  1  0   0.000000    0.000000    0.000000    1.157552
6  0  0   0.060051    0.086353    0.086353    0.000000
