1.581950000000000000e+04 8.290367365359715968e-02 1.453999999999999959e+00 1.205419414923302734e-01
1.608000000000000000e+04 1.000000000000000000e+00 1.608000000000000096e+00 1.608000000000000096e+00
1.673050000000000000e+04 4.695479489523943922e-02 -4.829999999999999849e-01 -2.267916593440064826e-02
1.744050000000000000e+04 2.509550813662544955e-02 6.360000000000000098e-01 1.596074317489378641e-02
1.940000000000000000e+04 1.467011581899719808e-01 1.415999999999999925e+00 2.077288399970003141e-01
1.986400000000000000e+04 4.039324439848969439e-02 -5.520000000000000462e-01 -2.229707090796631194e-02
2.136050000000000000e+04 3.958876265470868266e-02 -4.739999999999999769e-01 -1.876507349833191410e-02
2.272000000000000000e+04 1.947925100628835615e-01 -7.419999999999999929e-01 -1.445360424666596033e-01
2.277150000000000000e+04 1.188295505587687734e-01 -7.419999999999999929e-01 -8.817152651460642698e-02
2.298950000000000000e+04 7.637165091313451171e-02 -7.419999999999999929e-01 -5.666776497754581060e-02
2.325800000000000000e+04 1.163252761326072499e-01 -6.730000000000000426e-01 -7.828691083724467759e-02
2.337350000000000000e+04 1.924570294392575487e-01 -6.730000000000000426e-01 -1.295235808126203314e-01
2.400350000000000000e+04 1.992425473076689033e-02 1.145999999999999908e+00 2.283319592145885424e-02
2.418900000000000000e+04 2.197226398094965713e-02 -9.320000000000000506e-01 -2.047815003024508126e-02
2.435500000000000000e+04 3.131741053827214599e-02 -5.839999999999999636e-01 -1.828936775435093323e-02
2.494550000000000000e+04 5.692416399579127567e-02 -4.129999999999999782e-01 -2.350967973026179408e-02
2.515800000000000000e+04 3.667969225686024820e-02 -3.469999999999999751e-01 -1.272785321313050534e-02
2.555200000000000000e+04 7.087575779669803844e-02 -5.150000000000000133e-01 -3.650101526529948848e-02
2.596100000000000000e+04 5.068619573462516958e-02 -3.170000000000000040e-01 -1.606752404787617841e-02
2.636750000000000000e+04 5.124193048819212365e-02 -6.889999999999999458e-01 -3.530569010636436938e-02
