# eBE(cm-1)  int. (rel. X0)  beta
12477.289     -0.00001       0.05499
12526.369      0.00000       0.05436
12575.401      0.00000       0.05367
12624.385      0.00000       0.05128
12673.321      0.00000       0.05102
12722.209      0.00000       0.04732
12771.049      0.00000       0.04698
12819.841      0.00000       0.04087
12868.585      0.00000       0.03860
12917.281      0.00000       0.02863
12965.929      0.00000       0.02479
13014.529      0.00000       0.00658
13063.081      0.00000      -0.01391
13111.585      0.00000      -0.04327
13160.041      0.00000      -0.10611
13208.449      0.00000      -0.26924
13256.809      0.00000      -1.40837
13305.121     -0.00000       1.26083
13353.385     -0.00000       0.49541
13401.601     -0.00000       0.37646
13449.769     -0.00000       0.30383
13497.889     -0.00000       0.30381
13545.961     -0.00000       0.26179
13593.985     -0.00000       0.28111
13641.961     -0.00000       0.27153
13689.889     -0.00000       0.28149
13737.769     -0.00000       0.30044
13785.601     -0.00000       0.31758
13833.385     -0.00000       0.35408
13881.121     -0.00000       0.38453
13928.809     -0.00000       0.46108
13976.449     -0.00000       0.53202
14024.041     -0.00000       0.65809
14071.585     -0.00000       0.84587
14119.081     -0.00000       1.09389
14166.529     -0.00000       1.51831
14213.929     -0.00000       2.20136
14261.281     -0.00000       2.80416
14308.585     -0.00000       3.55192
14355.841     -0.00000       4.30726
14403.049     -0.00000       6.53261
14450.209     -0.00001       6.59254
14497.321      0.00008       6.68891
14544.385      0.00028       6.66459
14591.401      0.00011       6.55655
14638.369     -0.00022       6.68829
14685.289     -0.00003       6.72455
14732.161     -0.00003       6.73526
14778.985     -0.00002       6.77238
14825.761     -0.00001       6.78038
14872.489     -0.00001       6.79667
14919.169     -0.00001       6.80404
14965.801     -0.00001       6.80714
15012.385     -0.00001       6.80455
15058.921     -0.00000       6.79566
15105.409     -0.00000       6.77930
15151.849     -0.00000       6.75471
15198.241     -0.00000       6.72065
15244.585     -0.00000       6.67686
15290.881     -0.00000       6.62048
15337.129     -0.00000       6.55194
15383.329     -0.00000       6.46770
15429.481     -0.00000       6.36947
15475.585     -0.00000       6.25451
15521.641     -0.00000       6.11603
15567.649     -0.00000       5.96774
15613.609     -0.00000       5.78710
15659.521     -0.00000       5.59166
15705.385     -0.00000       5.36893
15751.201     -0.00000       5.13056
15796.969     -0.00000       4.86458
15842.689     -0.00000       4.60533
15888.361     -0.00001       3.90503
15933.985     -0.00001       3.82470
15979.561      0.00021       3.81577
16025.089      0.00042       3.80715
16070.569     -0.00013       3.80200
16116.001     -0.00018       3.81767
16161.385     -0.00006       3.79384
16206.721     -0.00003       3.74207
16252.009     -0.00002       3.67743
16297.249     -0.00002       3.57800
16342.441     -0.00002       3.44919
16387.585     -0.00001       3.28515
16432.681     -0.00001       3.09256
16477.729     -0.00001       2.87554
16522.729     -0.00001       2.64439
16567.681     -0.00001       2.41220
16612.585     -0.00001       2.19232
16657.441     -0.00002       1.99838
16702.249     -0.00002       1.84020
16747.009     -0.00002       1.72455
16791.721     -0.00003       1.65471
16836.385     -0.00004       1.62878
16881.001     -0.00005       1.65194
16925.569     -0.00008       1.70736
16970.089     -0.00013       1.84531
17014.561     -0.00019       1.78468
17058.985     -0.00033       2.01390
17103.361     -0.00112       2.62965
17147.689     -0.00840       3.00660
17191.969     -0.00222      -2.25054
17236.201      0.19521       3.28133
17280.385      0.57712       2.83298
17324.521      0.55771       1.85881
17368.609      0.41414       0.45101
17412.649      0.48841       0.39950
17456.641      0.64507       0.21318
17500.585      0.69506      -0.27786
17544.481      0.66559      -0.78019
17588.329      0.66577      -1.16398
17632.129      0.49837      -1.46269
17675.881      0.14683      -1.91308
17719.585      0.15422      -1.10850
17763.241      0.23033      -1.03956
17806.849      0.15820      -1.01929
17850.409      0.17219      -0.72329
17893.921      0.17249      -0.95738
17937.385      0.15238      -0.91513
17980.801      0.06561      -0.21059
18024.169      0.06895      -0.51071
18067.489      0.12424      -0.31863
18110.761      0.09890      -0.93951
18153.985      0.09339      -0.95666
18197.161      0.10806      -0.28990
18240.289      0.13815      -0.49558
18283.369      0.14732      -0.63064
18326.401      0.16155      -0.49840
18369.385      0.12323      -0.31427
18412.321      0.02370       2.02129
18455.209      0.07076      -0.71470
18498.049      0.09945      -0.64609
18540.841      0.07205       0.08296
18583.585      0.09727       0.04049
18626.281      0.08171      -0.23169
18668.929      0.06924       0.20313
18711.529      0.15060      -0.21894
18754.081      0.06548      -1.39890
18796.585      0.04339      -0.38368
18839.041      0.09094       0.63382
18881.449      0.10758      -0.03025
18923.809      0.13875      -0.54320
18966.121      0.11121      -0.64477
19008.385      0.11872      -0.78907
19050.601      0.08069      -0.39348
19092.769      0.12642       0.28486
19134.889      0.30000      -1.22203
19176.961      0.59572      -1.45861
19218.985      0.50431      -1.18381
19260.961      0.16319      -0.57025
19302.889      0.09624       0.24518
19344.769      0.16527      -0.01689
19386.601      0.17537       0.33295
19428.385      0.12782       0.68342
19470.121      0.17572       0.19550
19511.809      0.13256      -0.01562
19553.449      0.14424      -0.08350
19595.041      0.09175       0.67609
19636.585      0.09950       1.31667
19678.081      0.07005       3.83393
19719.529      0.13138       0.62679
19760.929      0.12246      -0.41805
19802.281      0.10120      -0.67303
19843.585      0.17515      -0.46674
19884.841      0.08034      -0.35025
19926.049      0.06282       0.24745
19967.209      0.09535       0.03003
20008.321      0.06920      -1.67119
20049.385      0.09689      -1.61995
20090.401      0.05077       0.40556
20131.369      0.02426       2.45745
20172.289      0.04552       0.88419
20213.161      0.04518      -0.61767
20253.985      0.09497      -0.66296
20294.761      0.13653      -0.35614
20335.489      0.07938      -0.07306
20376.169      0.05245       1.46164
20416.801      0.03997      -0.51976
20457.385      0.06244      -1.00111
20497.921      0.13397      -0.30131
20538.409      0.08091      -0.03658
20578.849      0.07864      -0.06651
20619.241      0.15703      -0.48798
20659.585      0.11275      -1.31346
20699.881      0.03083      -1.94502
20740.129      0.07241      -0.77061
20780.329      0.11021      -0.32377
20820.481      0.08975      -0.41732
20860.585      0.06882      -0.33467
20900.641      0.10438      -0.05012
20940.649      0.10336      -0.63810
20980.609      0.06377      -0.50103
21020.521      0.05822      -0.39083
21060.385      0.05413      -1.52564
21100.201      0.05785      -0.33233
21139.969      0.02354       1.25461
21179.689      0.06327       0.73957
21219.361      0.11468      -0.33523
21258.985      0.13894      -0.36890
21298.561      0.06456      -1.47681
21338.089      0.02351      -1.97990
21377.569      0.04026       0.06102
21417.001      0.03161       0.48824
21456.385      0.05831      -0.41346
21495.721      0.09508      -0.05799
21535.009      0.07409      -1.09776
21574.249      0.05383      -1.25073
21613.441      0.03873       1.03398
21652.585      0.07343      -0.48401
21691.681      0.06704       0.25428
21730.729      0.08691      -0.68950
21769.729      0.05918      -0.86284
21808.681      0.09072      -0.74348
21847.585      0.13482      -0.90063
21886.441      0.06401      -0.24179
21925.249      0.04163      -1.01086
21964.009      0.09366      -0.27350
22002.721      0.05682      -0.33685
22041.385      0.09556      -1.14619
22080.001      0.09427      -0.54805
22118.569      0.00085      64.25808
22157.089      0.01025       2.50301
22195.561      0.05023      -0.19180
22233.985     -0.00425     -18.42628
22272.361      0.05034      -0.34627
22310.689      0.13037      -0.30379
22348.969      0.06672      -0.16397
22387.201     -0.00991      -0.95000
22425.385      0.02423       1.22105
22463.521      0.04656      -1.27820
22501.609      0.02059      -2.28524
22539.649      0.08295      -0.49609
22577.641      0.09071      -0.67297
22615.585      0.02849       1.64666
22653.481      0.04320      -0.59754
22691.329      0.05697      -1.43367
22729.129      0.09521      -0.56493
22766.881      0.09372      -0.33974
22804.585      0.03761      -0.42344
22842.241     -0.00673       2.69484
22879.849      0.02135       0.67093
22917.409      0.10723      -0.09398
22954.921      0.01065       0.17016
22992.385      0.07854       0.00931
23029.801      0.12764      -0.02126
23067.169      0.14616      -1.11530
23104.489      0.04249      -4.00102
23141.761      0.04089      -1.55969
23178.985      0.11198      -0.11681
23216.161      0.23506      -0.60714
23253.289      0.39683      -1.18160
23290.369      0.63213      -1.00235
23327.401      0.71226      -0.70321
23364.385      0.75150      -0.39955
23401.321      0.79924      -0.10323
23438.209      0.71106       0.54647
23475.049      0.69757       0.99380
23511.841      0.70470       1.42810
23548.585      0.65605       2.52457
23585.281      0.59764       3.45339
23621.929      0.55659       3.77549
23658.529      0.56363       4.22183
23695.081      0.44012       5.80700
23731.585      0.41150       6.53117
23768.041      0.44663       5.84956
23804.449      0.43800       5.79754
23840.809      0.50530       4.48740
23877.121      0.63209       3.48503
23913.385      0.71879       2.30685
23949.601      0.77396       1.12411
23985.769      0.73944       0.78047
24021.889      0.72625       0.21001
24057.961      0.86454      -0.29400
24093.985      1.00000      -0.55523
24129.961      0.76879      -0.91916
24165.889      0.53768      -0.53314
24201.769      0.31936      -0.77105
24237.601      0.13368      -2.15432
24273.385      0.12403       0.23106
24309.121      0.06036       0.47558
24344.809      0.05939       1.11306
24380.449      0.19732       1.12126
24416.041      0.16386       0.24975
24451.585      0.09060      -1.52991
24487.081      0.12500      -0.01730
24522.529      0.09324      -1.38543
24557.929      0.08758      -0.14992
24593.281      0.07731      -0.98605
24628.585      0.11749      -0.41345
24663.841      0.09282       1.35897
24699.049     -0.00051       2.90958
24734.209     -0.06662       0.34105
24769.321      0.03828      -0.24304
24804.385      0.16345      -1.21624
24839.401      0.12456      -0.80108
24874.369      0.04602       1.90349
24909.289      0.11555       0.46242
24944.161      0.12193       0.35724
24978.985      0.08484      -0.96051
25013.761      0.01566       3.78572
25048.489     -0.03039      -0.91366
25083.169      0.03996      -4.46486
25117.801      0.06823      -0.50584
25152.385      0.12863      -1.32005
25186.921      0.17328      -1.61245
25221.409      0.10090       0.33677
25255.849      0.12895       0.31926
25290.241      0.20757       0.39319
25324.585      0.22821      -0.37346
25358.881      0.19174      -0.34964
25393.129      0.23075       0.57473
25427.329      0.19983       0.89588
25461.481      0.16191       1.75658
25495.585      0.13301       3.09484
25529.641      0.10057       3.80257
25563.649      0.12056       2.97959
25597.609      0.20069       1.55783
25631.521      0.14573       1.64840
25665.385      0.06582       4.97526
25699.201      0.08308       5.05612
25732.969      0.05829       5.39972
25766.689      0.06112       3.31411
25800.361      0.16098       0.33605
25833.985      0.25004       0.90185
25867.561      0.22224       0.52950
25901.089      0.25798      -0.79187
25934.569      0.26235      -1.04247
25968.001      0.12549      -0.36930
26001.385      0.09124       1.49738
26034.721      0.11766       0.75901
26068.009      0.09394      -0.91388
26101.249      0.12291       0.05406
26134.441      0.20243      -0.09248
26167.585      0.14923      -0.83676
26200.681      0.11662      -1.69148
26233.729      0.13928      -0.66855
26266.729      0.11919      -0.74010
26299.681      0.19746      -0.26111
26332.585      0.13031       0.02135
26365.441     -0.00311     -37.34653
26398.249      0.03757       3.77305
26431.009      0.12762      -0.57700
26463.721      0.14305      -0.52716
26496.385      0.04552       1.99706
26529.001      0.06945       0.23481
26561.569      0.04517       1.25474
26594.089      0.08150       1.03542
26626.561      0.08290      -2.05118
26658.985      0.05775      -0.93614
26691.361      0.11549      -0.30872
26723.689      0.11068      -0.94767
26755.969      0.00496       2.40803
26788.201     -0.00157     -34.36330
26820.385      0.08714       1.05783
26852.521      0.10447       0.23773
26884.609      0.21038      -0.49499
26916.649      0.29261      -1.40793
26948.641      0.35719      -1.61998
26980.585      0.41512      -1.05118
27012.481      0.51700      -0.94560
27044.329      0.50077      -1.30822
27076.129      0.42821      -1.06905
27107.881      0.39813      -0.79538
27139.585      0.41477      -0.56404
27171.241      0.31383      -0.22269
27202.849      0.19882       0.57117
27234.409      0.15953       0.43800
27265.921      0.09599       0.97967
27297.385      0.16580       0.11148
27328.801      0.19103      -0.06032
27360.169      0.27256      -0.30759
27391.489      0.46075      -0.55193
27422.761      0.40213      -0.60332
27453.985      0.36561      -0.81982
27485.161      0.50043      -0.71457
27516.289      0.47680      -0.26079
27547.369      0.26862       0.36679
27578.401      0.25272       0.74403
27609.385      0.39050       0.49744
27640.321      0.46836      -0.11225
27671.209      0.52838      -0.41119
27702.049      0.66192      -0.77213
27732.841      0.58118      -0.85703
27763.585      0.45850      -0.57580
27794.281      0.46344      -0.70217
27824.929      0.37356      -0.48849
27855.529      0.26722      -0.48576
27886.081      0.31104      -0.96435
27916.585      0.29051      -0.40116
27947.041      0.25453       0.89717
27977.449      0.19887       0.39167
28007.809      0.13434       0.03254
28038.121      0.09661      -0.83765
28068.385      0.20463      -0.94357
28098.601      0.53794      -0.51211
28128.769      0.69296      -0.57947
28158.889      0.57835      -0.80412
28188.961      0.37075      -1.12285
28218.985      0.36912      -1.26897
28248.961      0.45267      -1.05753
28278.889      0.27488      -0.83948
28308.769      0.11486      -1.52585
28338.601      0.03136      -1.28446
28368.385     -0.01551      -0.73048
28398.121      0.14535      -0.99979
28427.809      0.19563      -0.70141
28457.449      0.16610      -0.39934
28487.041      0.10679      -0.88257
28516.585      0.08909      -1.38237
28546.081      0.19481      -0.75680
28575.529      0.05877      -0.75127
28604.929      0.04612      -3.63455
28634.281      0.22184      -1.38066
28663.585      0.24596      -0.37415
28692.841      0.22544      -0.21922
28722.049      0.23759      -0.64994
28751.209      0.11720       0.81100
28780.321      0.07577       0.95697
28809.385      0.10714       0.29739
28838.401      0.17166      -0.14216
28867.369      0.21023      -0.69370
28896.289      0.15626      -1.98542
28925.161      0.09079      -0.22171
28953.985      0.14540       0.41319
28982.761      0.24453      -0.17132
29011.489      0.34195      -0.49288
29040.169      0.33811      -0.29077
29068.801      0.11870       0.42627
29097.385      0.16231      -0.17132
29125.921      0.29221      -0.64070
29154.409      0.20269      -0.10249
29182.849      0.08383       0.74727
29211.241      0.07644       0.08265
29239.585      0.12293       0.14037
29267.881      0.21490      -0.51656
29296.129      0.28906      -0.79415
29324.329      0.26292      -0.50342
29352.481      0.15801      -0.52955
29380.585      0.23576      -0.75898
29408.641      0.18365      -0.95399
29436.649      0.03907      -3.02853
29464.609      0.04009       2.90965
29492.521      0.05649       0.90481
29520.385      0.10133      -0.34753
29548.201      0.23302      -0.63543
29575.969      0.21149      -0.71662
29603.689      0.11883      -0.19476
29631.361      0.15970      -0.80970
29658.985      0.18320      -1.19584
29686.561      0.09762      -1.42397
29714.089      0.10787      -0.88432
29741.569      0.18721      -0.76875
29769.001      0.18214      -0.33657
29796.385      0.15494      -0.16925
29823.721      0.12250       0.05923
29851.009      0.03976      -1.76504
29878.249      0.08731      -1.89688
29905.441      0.09855      -1.08630
29932.585      0.09844       0.24986
29959.681      0.16510      -0.60762
29986.729      0.03672       0.98948
30013.729     -0.06465      -0.34678
30040.681      0.07110      -0.63229
30067.585      0.01514      -2.30383
30094.441      0.02428      -0.08226
30121.249      0.07365      -0.83220
30148.009     -0.00310      32.72325
30174.721     -0.00246      33.10505
30201.385      0.12630      -0.09191
30228.001      0.20442      -0.13483
30254.569      0.11648      -0.36052
30281.089     -0.03588      -1.59742
30307.561      0.07707       0.00686
30333.985      0.12175      -0.88598
30360.361     -0.00770      11.51084
30386.689      0.06518      -0.78397
30412.969      0.14341      -0.72807
30439.201      0.08263      -1.89178
30465.385     -0.00475     -13.02312
30491.521     -0.02006      -2.49346
30517.609      0.10817      -0.28500
30543.649      0.09915      -0.10885
30569.641      0.03138      -1.86000
30595.585      0.08624      -1.26998
30621.481      0.05245      -1.26854
30647.329      0.05959      -1.44378
30673.129      0.16411      -1.26554
30698.881      0.13902      -0.84088
30724.585     -0.00484      -2.77770
30750.241     -0.03429      -3.88463
30775.849      0.11236       0.00782
30801.409      0.09968      -0.80669
30826.921     -0.03173       1.55257
30852.385     -0.02017       3.84057
30877.801      0.08663      -0.52690
30903.169      0.06255       0.75066
30928.489      0.05968       1.21852
30953.761      0.09694      -0.71995
30978.985      0.03803      -3.18983
31004.161     -0.02659       1.18093
31029.289      0.04646       0.30052
31054.369      0.11019      -0.39574
31079.401      0.02644       0.75239
31104.385      0.08667      -0.00649
31129.321      0.09158      -0.90586
31154.209      0.01863      -3.18578
31179.049      0.04540       1.08761
31203.841     -0.00823      -7.65645
31228.585     -0.05563       0.09030
31253.281      0.10887      -0.81023
31277.929      0.08813      -1.29991
31302.529     -0.00370      18.96445
31327.081      0.03178       1.93625
31351.585      0.04781       2.82093
31376.041      0.09958      -1.06594
31400.449      0.04960      -4.41091
31424.809      0.09643      -0.76154
31449.121      0.05850       1.00883
31473.385     -0.01130       0.72859
31497.601      0.09935      -1.31835
31521.769      0.02149      -5.33517
31545.889      0.03825       0.62129
31569.961      0.02940      -0.58044
31593.985     -0.01457       0.91523
31617.961      0.01274       0.60173
31641.889      0.05080      -0.90875
31665.769     -0.05360      -2.15325
31689.601     -0.09024      -0.79829
31713.385      0.06599      -0.56800
31737.121      0.14344      -0.47957
31760.809      0.08000      -0.67529
31784.449      0.06443      -2.35539
31808.041      0.05588      -3.07935
31831.585     -0.04507      -0.04681
31855.081      0.02987      -0.09482
31878.529      0.16415      -0.48039
31901.929     -0.00587     -13.76598
31925.281     -0.15619      -1.14207
31948.585      0.01492       0.47123
31971.841      0.10425       0.79056
31995.049      0.13392      -0.08656
32018.209      0.13444      -1.06943
32041.321      0.02315      -3.40044
32064.385     -0.00618      14.25016
32087.401     -0.01971      -2.80559
32110.369     -0.03101      -3.30471
32133.289      0.03992       0.67956
32156.161      0.01914      -6.53144
32178.985      0.00727     -14.62812
32201.761      0.11097      -0.69412
32224.489      0.08894      -0.60018
32247.169      0.08454      -1.56483
32269.801      0.09578      -0.83043
32292.385      0.06039      -0.09746
32314.921      0.06334       0.28413
32337.409      0.03714       1.71968
32359.849      0.03635      -2.92271
32382.241      0.08302      -3.08399
32404.585      0.02118      -2.41966
32426.881     -0.03095      -2.67441
32449.129      0.00777      -3.37298
32471.329      0.00154     -29.32401
32493.481     -0.00253      -4.26143
32515.585      0.03534      -2.01615
32537.641      0.03889      -0.92141
32559.649     -0.00325       0.25746
32581.609     -0.00116      69.05811
32603.521      0.06300      -1.21163
32625.385      0.06945      -0.66264
32647.201     -0.04162      -2.00980
32668.969      0.03142       0.98596
32690.689      0.13448      -0.25671
32712.361      0.06660      -0.47966
32733.985      0.01812      -6.24654
32755.561     -0.01652       3.23860
32777.089     -0.00173       9.62441
32798.569      0.01429       1.34667
32820.001      0.10080      -1.10778
32841.385      0.10505      -0.19107
32862.721     -0.03425      -2.42365
32884.009      0.02387      -1.63013
32905.249      0.15700      -0.82822
32926.441     -0.00127      48.63343
32947.585     -0.04760      -1.03227
32968.681      0.04424      -0.38708
32989.729      0.01744      -1.27334
33010.729     -0.00251     -11.55220
33031.681      0.09849       0.40926
33052.585      0.08132       0.58254
33073.441      0.03221      -1.48906
33094.249     -0.02968       5.81708
33115.009      0.04141      -4.04810
33135.721      0.06919      -1.33631
33156.385     -0.03269       1.40700
33177.001     -0.03356       0.73972
33197.569      0.01403      -0.55992
33218.089      0.08986      -0.08271
33238.561      0.08000       0.06190
33258.985      0.03245       0.55674
33279.361      0.03902       0.00501
33299.689      0.00627     -12.86900
33319.969      0.02261      -5.25788
33340.201      0.02500      -1.64087
33360.385      0.05984      -0.40613
33380.521      0.06560      -0.03456
33400.609      0.09700      -0.01652
33420.649      0.07099       1.18924
33440.641     -0.00586     -15.60007
33460.585      0.03974      -1.19853
33480.481      0.05443      -2.05131
33500.329      0.04342      -2.62358
33520.129      0.00803      -6.00850
33539.881     -0.00693      -1.55499
33559.585      0.03546      -1.31074
33579.241      0.05667      -1.94403
33598.849      0.04199      -3.27909
33618.409      0.01404      -1.64088
33637.921      0.06886       0.15279
33657.385      0.05480      -0.84057
33676.801      0.03906       0.43788
33696.169      0.03303       3.51307
33715.489     -0.00074     -53.10139
33734.761      0.06712      -1.30523
33753.985      0.08648      -0.83058
33773.161      0.04794      -1.04113
33792.289      0.05934      -1.24169
33811.369      0.06074      -1.28104
33830.401      0.04141       0.93443
33849.385     -0.01743      -5.18552
33868.321     -0.00276      13.52041
33887.209     -0.06215       0.86849
33906.049     -0.04323      -0.15677
33924.841      0.06280       0.09712
33943.585      0.09455      -1.39391
33962.281      0.11744      -0.59444
33980.929      0.02900       1.79566
33999.529     -0.00011     811.51878
34018.081      0.05969      -1.81696
34036.585      0.07968      -1.05555
34055.041      0.02808      -2.23406
34073.449      0.04160      -2.08953
34091.809      0.08581      -0.36500
34110.121      0.04515      -0.14661
34128.385      0.01237      -0.98825
34146.601     -0.02666      -1.07115
34164.769      0.01643      -2.81932
34182.889      0.02560      -3.05023
34200.961      0.03452      -1.65679
34218.985      0.05387      -1.73113
34236.961     -0.00798      10.27775
34254.889     -0.06267      -0.84016
34272.769     -0.01167      -3.21626
34290.601      0.09241       0.43098
34308.385      0.07315       0.56350
34326.121     -0.02237      -0.95884
34343.809     -0.04097      -0.23902
34361.449      0.02103      -3.89079
34379.041      0.05663      -1.47194
34396.585      0.04805      -0.75422
34414.081     -0.03149       0.18296
34431.529      0.01131      -2.70071
34448.929      0.05009      -2.04866
34466.281      0.06359      -1.40980
34483.585      0.07669      -0.63906
34500.841      0.03016      -0.57045
34518.049      0.04730       0.58694
34535.209      0.06282      -0.52204
34552.321      0.01947      -3.81229
34569.385      0.02905      -0.44989
34586.401      0.07177       1.08399
34603.369      0.11712      -0.17714
34620.289      0.06517      -1.99626
34637.161      0.04939      -4.60006
34653.985      0.09577      -1.95807
34670.761      0.06477      -1.14974
34687.489     -0.00678      -4.05502
34704.169      0.00148      27.11745
34720.801      0.01427      -0.87319
34737.385      0.04260      -1.20216
34753.921      0.01083      -7.33884
34770.409      0.02402      -3.59991
34786.849      0.07839      -0.77493
34803.241     -0.01417      -5.09361
34819.585     -0.01849      -7.55781
34835.881      0.05624      -0.43553
34852.129      0.09608      -1.70879
34868.329      0.06094      -0.12966
34884.481      0.02848       0.39541
34900.585      0.05969      -1.62201
34916.641      0.07591       0.01923
34932.649      0.03167       0.46302
34948.609     -0.00565       4.05036
34964.521      0.03231      -3.88282
34980.385      0.00215     -54.84582
34996.201     -0.01887       0.03380
35011.969      0.03042      -1.11785
35027.689      0.05495      -2.05874
35043.361      0.05761      -1.63372
35058.985      0.08430      -0.11256
35074.561      0.09597      -1.39986
35090.089      0.04927      -3.12296
35105.569      0.03218       1.10271
35121.001      0.06909       0.70088
35136.385      0.06317      -0.77036
35151.721      0.01056      -1.79351
35167.009      0.02693      -1.12902
35182.249     -0.02642       0.00472
35197.441     -0.04272      -0.21348
35212.585      0.03953       0.28717
35227.681     -0.00804     -13.51313
35242.729     -0.00011    -420.17915
35257.729      0.08040      -2.60453
35272.681      0.08428      -0.78855
35287.585      0.06433       0.69299
35302.441      0.02908      -0.10893
35317.249     -0.00227      11.68608
35332.009      0.07667      -0.74342
35346.721      0.06090      -1.14298
35361.385      0.07963      -0.95887
35376.001      0.05433      -1.75771
35390.569     -0.04848      -1.24693
35405.089     -0.00921      -9.72430
35419.561      0.11760      -0.26484
35433.985      0.09943      -0.58677
35448.361      0.07672      -1.35873
35462.689      0.08187      -1.94492
35476.969      0.04851      -3.56861
35491.201      0.03739      -1.89797
35505.385     -0.00640      -4.42097
35519.521     -0.01535      -1.13333
35533.609      0.01969      -0.23337
35547.649      0.00820      14.21449
35561.641      0.00645       9.16540
35575.585      0.03753      -1.63130
35589.481      0.05754      -0.55677
35603.329      0.10633      -0.36056
35617.129      0.13506      -1.02150
35630.881      0.16954      -1.01844
35644.585      0.11387      -2.05856
35658.241      0.00964      -1.13898
35671.849      0.03157       2.75929
35685.409      0.05804       0.65065
35698.921      0.04910      -2.05085
35712.385      0.05593      -2.40782
35725.801      0.10010      -0.63614
35739.169      0.10813      -1.15156
35752.489      0.07436      -1.27085
35765.761      0.03110       0.56843
35778.985      0.00422      10.62978
35792.161      0.00916      -3.83197
35805.289      0.05882      -1.42916
35818.369      0.10542      -0.56533
35831.401      0.07598       0.67913
35844.385     -0.01626      -2.53976
35857.321     -0.00677       2.47537
35870.209      0.09599       0.46392
35883.049      0.07307      -0.18512
35895.841      0.03088      -0.86272
35908.585      0.03657      -0.71328
35921.281      0.06164      -1.18668
35933.929      0.03800      -1.72946
35946.529      0.05788      -0.70837
35959.081      0.06988      -1.40767
35971.585      0.06452      -1.01260
35984.041      0.05624      -0.68519
35996.449      0.05496      -0.67227
36008.809      0.07408      -0.88949
36021.121      0.05274      -1.18557
36033.385      0.04476      -2.12950
36045.601      0.06652      -1.28686
36057.769      0.10908      -0.12759
36069.889      0.08006       1.01958
36081.961      0.01995       1.07594
36093.985      0.06375      -0.97678
36105.961      0.06254      -1.07412
36117.889      0.05471      -0.44780
36129.769      0.07731       0.77971
36141.601      0.01631       5.16434
36153.385     -0.06164      -1.53566
36165.121      0.00698       7.15029
36176.809      0.04539      -1.52394
36188.449      0.06655      -1.62854
36200.041      0.09427      -0.79252
36211.585      0.10048       0.83844
36223.081      0.09052       1.63953
36234.529      0.07993      -0.06534
36245.929      0.07874      -1.70235
36257.281      0.10208      -2.00826
36268.585      0.10829      -1.61616
36279.841      0.04290      -2.04136
36291.049     -0.03352       0.21491
36302.209      0.03472       0.01672
36313.321      0.14612      -0.06750
36324.385      0.12670      -0.23633
36335.401      0.07852      -0.12424
36346.369      0.00195       5.12793
36357.289      0.05524      -1.56441
36368.161      0.09722      -1.20339
36378.985      0.10730      -1.14054
36389.761      0.16175      -0.73833
36400.489      0.15730      -0.78426
36411.169      0.11702      -0.64788
36421.801      0.11519      -0.47049
36432.385      0.09723      -1.43985
36442.921      0.10276      -0.90455
36453.409      0.07104      -0.08032
36463.849      0.05954      -1.00389
36474.241      0.05756      -1.26515
36484.585      0.05760      -0.72305
36494.881     -0.00225     -39.37859
36505.129     -0.05043      -2.58336
36515.329      0.07074       0.06125
36525.481      0.20332      -0.35103
36535.585      0.18220      -1.09308
36545.641      0.07552      -1.51434
36555.649      0.10735       0.28872
36565.609      0.14441       0.53764
36575.521      0.11419      -0.18325
36585.385      0.08025      -0.92920
36595.201      0.03366      -1.97114
36604.969      0.00513       9.51592
36614.689      0.05556       2.59020
36624.361      0.08385       1.51451
36633.985      0.06479      -0.05220
36643.561      0.07597      -0.93042
36653.089      0.06530      -1.29261
36662.569      0.04386       1.87588
36672.001      0.11692       0.53148
36681.385      0.18633      -0.29071
36690.721      0.10536      -0.81362
36700.009      0.09816      -0.35959
36709.249      0.14804      -0.83411
36718.441      0.19049      -1.25520
36727.585      0.25692      -1.15200
36736.681      0.16004      -0.92275
36745.729      0.01766       8.12722
36754.729     -0.00713     -17.21209
36763.681      0.02904       1.61853
36772.585      0.10920      -0.35879
36781.441      0.16359      -0.87016
36790.249      0.13072      -0.99158
36799.009      0.05818      -0.39641
36807.721      0.07809       0.38622
36816.385      0.12276       0.15764
36825.001      0.12034      -0.06880
36833.569      0.16481      -0.40082
36842.089      0.12834      -0.62504
36850.561      0.05561      -0.36791
36858.985      0.01428       5.00808
36867.361      0.03038       2.24878
36875.689      0.10698      -0.27131
36883.969      0.17306      -0.42857
36892.201      0.13296      -0.02139
36900.385      0.06732      -0.22364
36908.521      0.08180      -0.13015
36916.609      0.08240      -0.25718
36924.649      0.15545      -0.30444
36932.641      0.18438      -0.01296
36940.585      0.10474       0.71890
36948.481      0.13824       0.07203
36956.329      0.20036      -0.35400
36964.129      0.13950      -0.45546
36971.881      0.10321      -1.25068
36979.585      0.13861      -0.85465
36987.241      0.17978       0.21330
36994.849      0.11895       0.57665
37002.409      0.03005       2.71439
37009.921      0.05287       2.71866
37017.385      0.15735       0.37558
37024.801      0.18453      -0.05703
37032.169      0.16423      -0.22717
37039.489      0.13148      -0.76346
37046.761      0.13939      -1.28184
37053.985      0.15361      -0.71366
37061.161      0.14508      -0.18329
37068.289      0.12556      -0.07902
37075.369      0.15150      -0.66246
37082.401      0.15009      -0.56492
37089.385      0.16612      -0.16989
37096.321      0.14302      -0.30364
37103.209      0.04938      -0.50998
37110.049      0.04097       1.29329
37116.841      0.08239      -0.17910
37123.585      0.09057      -0.70943
37130.281      0.13064      -0.33205
37136.929      0.17727       0.02184
37143.529      0.16613       0.44665
37150.081      0.16681       0.29901
37156.585      0.17320      -0.41739
37163.041      0.14779      -0.17170
37169.449      0.09087       0.90380
37175.809      0.07926       1.02511
37182.121      0.12713       0.13726
37188.385      0.17247      -0.21188
37194.601      0.17181      -0.53962
37200.769      0.17136      -0.33970
37206.889      0.08581       0.34762
37212.961      0.05426       0.40582
37218.985      0.09857      -0.46403
37224.961      0.08447      -0.27425
37230.889      0.12614      -0.30344
37236.769      0.13581      -0.03214
37242.601      0.12977       0.37257
37248.385      0.12758       0.58428
37254.121      0.14725       0.79390
37259.809      0.14804       1.05142
37265.449      0.13336       0.34441
37271.041      0.14448      -0.58213
37276.585      0.14919      -0.71823
37282.081      0.16460      -0.33126
37287.529      0.18088      -0.19105
37292.929      0.12884       0.02450
37298.281      0.07898      -0.65111
37303.585      0.09236      -1.10712
37308.841      0.15380      -0.50484
37314.049      0.14803      -0.27493
37319.209      0.08568       0.45251
37324.321      0.06277       1.95115
37329.385      0.08132       2.20152
37334.401      0.13334       1.02083
37339.369      0.14874       0.78323
37344.289      0.09588       0.49009
37349.161      0.05460      -1.04107
37353.985      0.10086      -1.40548
37358.761      0.17584      -0.38839
37363.489      0.20979       0.02886
37368.169      0.18551      -0.01556
37372.801      0.08990       0.62906
37377.385      0.03381       1.66660
37381.921      0.05676      -0.73726
37386.409      0.10305      -0.90773
37390.849      0.16083      -0.61602
37395.241      0.14351      -0.29541
37399.585      0.13755      -0.36011
37403.881      0.12699      -0.07443
37408.129      0.09329       0.63881
37412.329      0.10062       0.34136
37416.481      0.10587      -0.46623
37420.585      0.08928      -0.64402
37424.641      0.10429      -0.15812
37428.649      0.09689      -0.11297
37432.609      0.10476      -0.25727
37436.521      0.16716      -0.82164
37440.385      0.18672      -0.85380
37444.201      0.10970      -0.51302
37447.969      0.09522       0.29104
37451.689      0.10745       0.68424
37455.361      0.07771       1.18028
37458.985      0.05286      -0.51671
37462.561      0.01388      -8.84047
37466.089      0.00798     -12.10322
37469.569      0.04795      -0.87303
37473.001      0.08466      -0.23870
37476.385      0.12131      -0.43178
37479.721      0.12333      -0.51752
37483.009      0.10530      -0.18270
37486.249      0.11894      -0.01531
37489.441      0.17434      -0.56210
37492.585      0.17715      -0.82088
37495.681      0.11500      -0.70896
37498.729      0.04689       0.57369
37501.729      0.02186       1.18564
37504.681      0.04385       0.05149
37507.585      0.06682       0.11222
37510.441      0.06729      -0.16039
37513.249      0.07661      -0.85845
37516.009      0.08896      -0.73586
37518.721      0.08304      -0.04387
37521.385      0.08654       0.07615
37524.001      0.05911       0.09815
37526.569      0.03286      -1.68068
37529.089      0.03101      -1.63643
37531.561      0.03811      -0.67176
37533.985      0.01175       0.24962
37536.361     -0.01123      -0.11212
37538.689      0.01458       0.01350
37540.969      0.03380      -0.08010
37543.201      0.07279      -0.56569
37545.385      0.08973      -0.66409
37547.521      0.06139      -0.72948
37549.609      0.05247      -0.71826
37551.649      0.04087      -1.16136
37553.641      0.03047      -3.01370
37555.585      0.02119      -3.66005
37557.481      0.01051      -8.66486
37559.329     -0.00606      22.57750
37561.129     -0.01466       6.96102
37562.881      0.01768      -4.57559
37564.585      0.04632      -2.77890
37566.241      0.04451      -4.49945
37567.849      0.04256      -6.32669
37569.409      0.06268      -4.11717
37570.921      0.07967      -2.49764
37572.385      0.08129      -1.98006
37573.801      0.06707      -1.79125
37575.169      0.02540      -2.79047
37576.489     -0.02927       1.77489
37577.761     -0.06320       0.87305
37578.985     -0.06261       1.23429
37580.161     -0.04071       1.89251
37581.289     -0.02444       2.92710
37582.369     -0.01722       3.93302
37583.401     -0.01252       7.38053
37584.385     -0.00707      16.88024
37585.321     -0.01305       9.49816
37586.209     -0.03312       3.15063
37587.049     -0.03599       2.47793
37587.841     -0.01733       5.25268
37588.585     -0.00534      17.03483
37589.281     -0.01376       5.81151
37589.929     -0.02381       3.16644
37590.529     -0.01783       5.24554
37591.081     -0.00913      11.41198
37591.585     -0.00014     730.17816
37592.041      0.00677     -17.12820
37592.449      0.01010     -14.02164
37592.809      0.00356     -48.68373
37593.121     -0.01233      15.68769
37593.385     -0.02976       6.39338
37593.601     -0.04060       4.10419
37593.769     -0.04068       2.93196
37593.889     -0.02803       2.14953
37593.961     -0.00969       1.60282
37593.985     -0.00000       1.70947
