# eBE(cm-1)  int. (rel. X0)  beta
12526.369     -0.00000       0.00220
12624.385      0.00000       0.00377
12722.209     -0.00000      -0.00042
12819.841      0.00000       0.00809
12917.281     -0.00000      -0.21061
13014.529      0.00000       0.03478
13111.585      0.00000       0.23108
13208.449      0.00000       0.56905
13305.121     -0.00000      -0.15410
13401.601     -0.00000      -0.07230
13497.889     -0.00000      -0.01103
13593.985     -0.00000      -0.13617
13689.889     -0.00000       0.60842
13785.601     -0.00000      -3.98310
13881.121     -0.00000       4.02025
13976.449      0.00000       7.88816
14071.585     -0.00000       6.27578
14166.529      0.00000       6.58949
14261.281     -0.00000       6.51190
14355.841      0.00001       6.51699
14450.209      0.00005       6.49984
14544.385     -0.00003       6.55423
14638.369     -0.00000       6.66244
14732.161     -0.00000       6.64421
14825.761     -0.00000       6.72809
14919.169     -0.00000       6.72685
15012.385     -0.00000       6.76090
15105.409     -0.00000       6.74938
15198.241     -0.00000       6.72326
15290.881     -0.00000       6.66481
15383.329     -0.00000       6.49151
15475.585     -0.00000       6.63249
15567.649     -0.00000       5.38658
15659.521      0.00000       0.89116
15751.201     -0.00000       3.85684
15842.689      0.00002       3.64412
15933.985      0.00008       3.62073
16025.089     -0.00008       3.63855
16116.001      0.00002       3.66165
16206.721     -0.00001       3.53419
16297.249     -0.00000       2.17934
16387.585     -0.00000       1.97577
16477.729     -0.00000      14.41597
16567.681     -0.00001      -0.53024
16657.441      0.00002      -0.89224
16747.009     -0.00011       0.89907
16836.385      0.00005      13.99655
16925.569     -0.00118       3.77989
17014.561      0.08206       1.15176
17103.361      0.42951       0.28293
17191.969      0.27990      -0.92950
17280.385      0.00619      11.68542
17368.609      0.07017      -0.44926
17456.641      0.04373      -1.99315
17544.481      0.00683       0.60116
17632.129      0.02753      -0.21625
17719.585      0.02827      -0.79003
17806.849      0.02475      -0.48737
17893.921      0.03169      -0.52431
17980.801      0.02930      -0.07856
18067.489      0.02180      -0.11240
18153.985      0.01636       1.20702
18240.289      0.01870      -1.28564
18326.401      0.02438       0.01440
18412.321      0.03143      -0.18738
18498.049      0.02822      -0.28521
18583.585      0.00788      -0.08473
18668.929      0.02247       0.76954
18754.081      0.03230      -0.58165
18839.041      0.01868       0.26684
18923.809      0.02280      -0.21308
19008.385      0.01949      -0.36240
19092.769      0.00971      -0.16472
19176.961      0.02884       0.29451
19260.961      0.02158       0.27655
19344.769      0.01264      -0.08034
19428.385      0.03556      -0.50316
19511.809      0.02734      -0.07348
19595.041      0.05319      -0.54653
19678.081      0.14637      -1.01052
19760.929      0.07838       0.08555
19843.585      0.01826       3.32870
19926.049      0.02475      -0.52242
20008.321      0.02778      -0.46061
20090.401      0.01762      -1.03173
20172.289      0.02877      -0.63169
20253.985      0.03889      -0.37599
20335.489      0.01982      -0.86698
20416.801      0.02172      -0.87585
20497.921      0.02099      -0.47367
20578.849      0.03601      -0.51256
20659.585      0.02000      -0.44781
20740.129      0.00975       0.70451
20820.481      0.02399      -0.64366
20900.641      0.02125      -0.62387
20980.609      0.01418      -0.16602
21060.385      0.01713       0.10831
21139.969      0.02239      -0.26333
21219.361      0.01723      -1.34237
21298.561      0.02793      -0.93407
21377.569      0.01904      -0.18859
21456.385      0.01673       0.39166
21535.009      0.01182      -0.30987
21613.441      0.03013      -0.70171
21691.681      0.01561      -0.06753
21769.729      0.00360      -1.94976
21847.585      0.00938       1.32369
21925.249      0.02784      -1.03406
22002.721      0.01938       0.14081
22080.001      0.00164      -2.12957
22157.089      0.02324      -0.08742
22233.985      0.01594      -0.79737
22310.689      0.02544      -1.02428
22387.201      0.00831       0.55308
22463.521      0.01619      -0.32002
22539.649      0.02163      -0.90319
22615.585      0.00945       0.20945
22691.329      0.01668      -0.90460
22766.881      0.00111       2.93678
22842.241      0.01011       1.39243
22917.409      0.01286      -1.83655
22992.385      0.02270       0.17928
23067.169      0.01491      -0.05122
23141.761      0.01547      -0.77956
23216.161      0.03002      -0.74601
23290.369      0.01850      -0.30393
23364.385      0.00106       8.48104
23438.209      0.03390       0.61011
23511.841      0.05693       0.96647
23585.281      0.12620       1.31869
23658.529      0.35319       1.11446
23731.585      1.00000       1.47776
23804.449      0.68486       1.75588
23877.121      0.00470      -3.33106
23949.601      0.03999      -0.96455
24021.889      0.06430       0.35263
24093.985      0.04851      -0.41352
24165.889      0.03852       0.19979
24237.601      0.00664      -4.23194
24309.121      0.03371       0.06576
24380.449     -0.01323      -1.43719
24451.585      0.03015       0.92741
24522.529      0.04503      -0.28584
24593.281      0.04340       0.32480
24663.841      0.00171      -3.31656
24734.209      0.00765       1.47774
24804.385      0.02116      -1.71585
24874.369      0.01157      -0.53022
24944.161      0.02502       0.84247
25013.761      0.03107      -0.86295
25083.169      0.00280       3.62383
25152.385     -0.00579      -0.98461
25221.409      0.01979      -0.74409
25290.241      0.02468      -0.54683
25358.881      0.00814      -0.01697
25427.329      0.02188       2.04677
25495.585      0.02364      -0.47917
25563.649      0.15713       1.18722
25631.521      0.15792       1.74448
25699.201      0.02043      -3.17024
25766.689      0.05094      -0.34299
25833.985      0.05701      -0.42916
25901.089      0.06044      -0.51919
25968.001      0.01625      -1.71248
26034.721      0.00787       3.08165
26101.249      0.01784      -0.19270
26167.585      0.00437       7.33782
26233.729      0.04606       0.40351
26299.681      0.03807       0.67903
26365.441      0.00995       3.19141
26431.009      0.02652      -0.21493
26496.385      0.03699      -0.66868
26561.569     -0.00512       2.56649
26626.561      0.03806      -0.45397
26691.361      0.04287      -0.81920
26755.969      0.03639       0.31072
26820.385      0.02027      -1.84696
26884.609      0.02493       0.65202
26948.641      0.01209      -1.51825
27012.481      0.02291      -1.12193
27076.129      0.00817      -1.47435
27139.585      0.00977       1.28478
27202.849      0.02176       0.99651
27265.921      0.07598      -1.28600
27328.801      0.25137      -0.65155
27391.489      0.31224      -0.38465
27453.985      0.22103      -0.81877
27516.289      0.15794      -0.40007
27578.401      0.07901      -0.84923
27640.321      0.03259       0.44236
27702.049      0.09296      -0.97634
27763.585      0.18514      -0.74491
27824.929      0.26317      -0.68759
27886.081      0.26883      -0.53681
27947.041      0.10336       0.11647
28007.809     -0.01865       0.66635
28068.385      0.03299      -0.06173
28128.769      0.02106      -2.36475
28188.961      0.03862       0.09312
28248.961      0.02843      -0.59639
28308.769      0.02338      -0.13128
28368.385      0.02678       0.55558
28427.809      0.03239      -1.80931
28487.041      0.02497      -0.21317
28546.081     -0.00601       1.35591
28604.929      0.03559      -1.00151
28663.585      0.05656      -0.25086
28722.049      0.05277      -0.16663
28780.321      0.03761      -0.51924
28838.401      0.04460      -0.69817
28896.289      0.04665      -0.10792
28953.985      0.06266      -0.42424
29011.489      0.10623      -0.78486
29068.801      0.08570      -0.61911
29125.921      0.02741       0.38483
29182.849      0.06272      -0.22548
29239.585      0.09226      -0.44099
29296.129      0.05824      -0.28037
29352.481      0.06127      -1.26631
29408.641      0.06249      -0.46746
29464.609      0.06887      -0.63201
29520.385      0.03881      -0.96441
29575.969     -0.00400       5.46833
29631.361      0.02857      -0.69654
29686.561      0.01241       0.59636
29741.569      0.02927      -0.98947
29796.385      0.00439       7.43481
29851.009      0.01346      -1.25908
29905.441      0.02800       0.60562
29959.681      0.01930      -0.13378
30013.729      0.04032      -0.35093
30067.585      0.01416      -2.08780
30121.249      0.03217      -0.70672
30174.721      0.02288      -1.59209
30228.001      0.01284       1.49972
30281.089      0.01983      -1.86306
30333.985      0.01776      -2.21710
30386.689      0.01394       0.18017
30439.201      0.03885      -0.72210
30491.521      0.00413       6.49565
30543.649      0.01130      -3.23122
30595.585     -0.00038      -2.68305
30647.329      0.02405      -0.14643
30698.881      0.00498      -3.28296
30750.241      0.02884      -0.30510
30801.409      0.02606      -1.54861
30852.385     -0.00157     -20.32562
30903.169      0.01753      -1.21206
30953.761      0.02054      -0.43876
31004.161      0.01135      -4.29841
31054.369      0.01628      -0.70521
31104.385      0.02565       0.95073
31154.209      0.00609      -3.08225
31203.841      0.00908      -0.27492
31253.281      0.00774      -2.70190
31302.529      0.01964      -0.62663
31351.585     -0.00183       1.75255
31400.449      0.00674       5.32104
31449.121      0.01353      -2.32587
31497.601      0.01242       0.69042
31545.889      0.00981      -3.33819
31593.985      0.00827       1.18847
31641.889      0.00006    -159.60130
31689.601      0.00293       1.47089
31737.121      0.01419      -1.25577
31784.449      0.03078      -0.03732
31831.585     -0.01419      -0.80471
31878.529     -0.00321      10.68253
31925.281      0.02624       0.57492
31971.841     -0.01024      -1.47017
32018.209      0.03499      -0.15238
32064.385      0.02411      -1.53996
32110.369     -0.00687       1.53125
32156.161      0.02906      -1.76191
32201.761      0.00089      10.65299
32247.169      0.00098      26.76129
32292.385      0.01148      -3.36437
32337.409      0.01286       0.06688
32382.241      0.00746      -0.16400
32426.881     -0.00490      -0.67392
32471.329      0.02071      -1.29897
32515.585      0.00860      -4.23347
32559.649      0.01135      -0.73353
32603.521      0.00053     -91.91847
32647.201      0.00826       5.63875
32690.689      0.02643      -0.19170
32733.985      0.01650       0.10448
32777.089      0.00369      -7.37171
32820.001     -0.00851      -2.23364
32862.721      0.02851      -0.01523
32905.249      0.01934      -1.82815
32947.585      0.00446       1.90385
32989.729     -0.01079       2.56808
33031.681      0.04424      -1.21600
33073.441      0.00141     -10.69406
33115.009      0.00915       0.95235
33156.385     -0.00209      13.19330
33197.569      0.00952       1.21999
33238.561      0.01546      -2.43198
33279.361      0.01517       1.18982
33319.969      0.01008       0.41244
33360.385     -0.00395      -0.39876
33400.609      0.01275      -1.83420
33440.641      0.00950      -3.61179
33480.481      0.00956       5.25166
33520.129      0.01058      -2.27469
33559.585      0.01345      -0.55517
33598.849      0.01402      -0.58924
33637.921      0.02662      -0.71444
33676.801     -0.01545      -0.05101
33715.489     -0.00244      -4.24261
33753.985      0.01459      -1.68487
33792.289      0.01646       0.37301
33830.401      0.01852      -2.32947
33868.321      0.01689      -0.07493
33906.049     -0.00776      -3.17377
33943.585      0.01280      -5.11547
33980.929      0.00673      -0.84282
34018.081      0.01749      -0.22530
34055.041     -0.00039     -79.52464
34091.809      0.00836      -0.29131
34128.385     -0.00104      16.46035
34164.769      0.00957      -3.22635
34200.961      0.00987      -2.39469
34236.961      0.01791       0.27139
34272.769      0.01466      -2.03040
34308.385      0.01177      -0.36695
34343.809      0.00768       0.59003
34379.041      0.00409      -7.23341
34414.081      0.00343       0.40144
34448.929      0.01965      -2.42882
34483.585      0.01536       1.77829
34518.049     -0.00525       3.67875
34552.321      0.00597      -1.36173
34586.401     -0.00773      -3.32115
34620.289      0.02481      -0.58492
34653.985      0.01191      -2.06062
34687.489      0.01072      -1.48117
34720.801      0.01298       0.66479
34753.921      0.00842      -2.10402
34786.849      0.02240      -2.03934
34819.585      0.02429      -0.40655
34852.129      0.01074       0.10801
34884.481      0.00480      -1.11244
34916.641      0.01675      -2.37235
34948.609      0.01585      -2.24625
34980.385      0.00461      -1.23399
35011.969     -0.00643      -1.48855
35043.361      0.02979      -0.81184
35074.561     -0.01316       0.50956
35105.569      0.01829      -0.87367
35136.385      0.01008       0.26283
35167.009      0.00086      10.81698
35197.441      0.00858       0.35177
35227.681      0.02775      -0.76573
35257.729      0.00649      -0.52416
35287.585     -0.00095      -4.11089
35317.249      0.02854      -2.16693
35346.721      0.00643       3.00891
35376.001     -0.00335      -4.85576
35405.089      0.00514      -0.82593
35433.985      0.02353      -1.39763
35462.689      0.01956      -1.99255
35491.201      0.02868      -0.06823
35519.521     -0.00389       6.49653
35547.649      0.00789       0.22724
35575.585      0.02147       0.30583
35603.329      0.02774      -1.11676
35630.881     -0.00878      -0.39767
35658.241      0.02869      -1.52024
35685.409      0.00667      -0.54223
35712.385      0.00483      -0.61202
35739.169      0.01433       2.31293
35765.761      0.01657       0.32243
35792.161      0.04316      -0.78443
35818.369      0.01167      -3.21802
35844.385      0.01188      -2.12981
35870.209      0.03641       0.31726
35895.841      0.01041      -2.37059
35921.281      0.00761      -0.16735
35946.529      0.00442      -2.12061
35971.585      0.02465      -1.90292
35996.449      0.00905      -0.05091
36021.121      0.01114       0.08004
36045.601     -0.00114     -14.87609
36069.889      0.02388       0.23364
36093.985      0.01603      -1.82818
36117.889      0.01774      -0.59935
36141.601      0.03151       0.13843
36165.121      0.01736      -0.28010
36188.449      0.00224      -6.33206
36211.585      0.03752      -0.20114
36234.529     -0.01049      -1.80228
36257.281      0.01369      -0.75855
36279.841      0.02451      -1.85531
36302.209      0.03908      -0.10075
36324.385      0.02598      -0.63118
36346.369      0.01748      -0.72903
36368.161      0.01715       1.08308
36389.761      0.02002      -1.22876
36411.169      0.02502      -1.65339
36432.385      0.01790      -0.64529
36453.409      0.01421      -1.13992
36474.241      0.01923       0.40058
36494.881      0.03947      -0.63716
36515.329      0.03450      -1.29808
36535.585      0.01110       0.50883
36555.649      0.02610       0.57454
36575.521      0.01676      -0.60677
36595.201      0.04865      -0.58384
36614.689      0.00819       1.19499
36633.985      0.04955      -0.40351
36653.089      0.04120      -0.28714
36672.001      0.01937      -2.34807
36690.721      0.01822       0.95038
36709.249      0.01850       1.41593
36727.585      0.02311      -1.46801
36745.729      0.05601      -0.43477
36763.681      0.00164      11.66736
36781.441      0.01407      -0.07645
36799.009      0.03647      -0.17801
36816.385      0.03494      -0.39055
36833.569      0.06747      -0.91030
36850.561     -0.00334     -11.88788
36867.361      0.02337       0.14514
36883.969      0.06124      -0.93282
36900.385      0.01795       0.47296
36916.609      0.03319       0.63115
36932.641      0.02106      -1.76540
36948.481      0.01863       0.60308
36964.129      0.05000      -0.19183
36979.585      0.04406      -0.43214
36994.849      0.04369       0.46062
37009.921      0.04854      -0.02402
37024.801      0.01972      -0.97801
37039.489      0.05128      -0.45400
37053.985      0.04357      -0.15020
37068.289      0.02823       0.12870
37082.401      0.02119      -1.64279
37096.321      0.03441       0.42840
37110.049      0.03606      -0.44885
37123.585      0.05585      -0.65721
37136.929      0.03340       0.18952
37150.081      0.02253      -0.37213
37163.041      0.03189       0.60136
37175.809      0.02397       0.35388
37188.385      0.04616       0.23130
37200.769      0.03676       0.08104
37212.961      0.01569       0.97171
37224.961      0.03573       0.24777
37236.769      0.05509      -0.84638
37248.385      0.04865       0.69969
37259.809      0.02837      -0.77014
37271.041      0.01690       1.50024
37282.081      0.04169       0.26577
37292.929      0.03570      -0.69364
37303.585      0.05059      -0.42685
37314.049      0.03757      -0.23558
37324.321     -0.00001    -2030.63017
37334.401      0.04500       0.19932
37344.289      0.06723       0.27072
37353.985      0.01975       0.74698
37363.489      0.02689      -1.00725
37372.801      0.04876      -0.80685
37381.921      0.01066       0.14272
37390.849      0.02931       0.73827
37399.585      0.04519      -1.00026
37408.129      0.04813      -0.28152
37416.481      0.03353      -0.68735
37424.641      0.00198       4.21928
37432.609      0.02331      -0.74351
37440.385      0.03556       0.10005
37447.969      0.04194      -1.45024
37455.361      0.05170      -1.33707
37462.561      0.02268       1.30674
37469.569      0.00416       2.30141
37476.385      0.02743      -0.80503
37483.009      0.04150      -0.62502
37489.441      0.02810       0.07975
37495.681      0.01282      -0.91675
37501.729     -0.01293      -1.13976
37507.585      0.00376      -1.42047
37513.249      0.02875      -1.21500
37518.721      0.00952       0.82043
37524.001      0.01605      -2.37945
37529.089      0.03087      -1.12553
37533.985     -0.00144     -13.65884
37538.689      0.00364       2.70190
37543.201      0.02432       0.51568
37547.521     -0.00750      -1.19966
37551.649     -0.01467       2.46159
37555.585     -0.00199      20.28643
37559.329     -0.01129       2.88074
37562.881      0.01237      -0.41751
37566.241      0.00516      -4.71684
37569.409     -0.00125       9.55862
37572.385     -0.00676      -0.45961
37575.169     -0.00506      -3.75842
37577.761     -0.00774       0.28898
37580.161      0.00611       1.69472
37582.369      0.01987      -0.23135
37584.385      0.01236      -4.57609
37586.209      0.02608      -2.01955
37587.841      0.01791      -0.79373
37589.281     -0.01734      -2.26953
37590.529     -0.00169       1.01713
37591.585      0.02232      -1.09973
37592.449      0.02071      -0.98917
37593.121     -0.00437       4.42927
37593.601     -0.01699       1.37584
37593.889     -0.01777       0.40996
37593.985     -0.00000       0.46374
